12345678
21354768
23145678
32416587
34261857
43628175
46382715
64837251
68473521
86745312
87654132
78561423
75816243
57182634
51728364
15273846
12537486
21573846
25137486
52314768
53241678
35426187
34562817
43658271
46385721
64837512
68473152
86741325
87614235
78162453
71826543
17285634
12758364
21785634
27158364
72513846
75231486
57324168
53742618
35476281
34567821
43658712
46385172
64831527
68413257
86142375
81624735
18267453
12876543
21867453
28176543
82715634
87251364
78523146
75832416
57384261
53748621
35476812
34567182
43651728
46315278
64132587
61423857
16248375
12684735
21648375
26184735
62817453
68271543
86725134
87652314
78563241
75836421
57384612
53748162
35471826
34517286
43152768
41325678
14236587
12463857
21436587
24163857
42618375
46281735
64827153
68472513
86745231
87654321
78563412
75836142
57381624
53718264
35172846
31527486
13254768
