12345678
21346587
12435678
21436587
24163857
42618375
42163857
24618375
26481735
62847153
62481735
26847153
28674513
82765431
82674513
28765431
27856341
72583614
72856341
27583614
25738164
52371846
52738164
25371846
23517486
32154768
32517486
23154768
21345678
12346587
21435678
12436587
14263857
41268375
14623857
41628375
46182735
64817253
64182735
46817253
48671523
84765132
84671523
48765132
47856312
74583621
74856312
47583621
45738261
54372816
54738261
45372816
43527186
34251768
34527186
43251768
42315678
24136587
24315678
42136587
41263857
14268375
41623857
14628375
16482735
61487253
16842735
61847253
68174523
86715432
86174523
68715432
67851342
76583124
76851342
67583124
65738214
56372841
56738214
65372841
63527481
36254718
36527481
63254718
62345178
26431587
26345178
62431587
64213857
46128375
46213857
64128375
61482735
16487253
61842735
16847253
18674523
81675432
18764523
81765432
87156342
78513624
78156342
87513624
85731264
58372146
58731264
85372146
83527416
38254761
38527416
83254761
82345671
28436517
28345671
82436517
84263157
48621375
48263157
84621375
86412735
68147253
68412735
86147253
81674523
18675432
81764523
18765432
17856342
71853624
17586342
71583624
75138264
57312846
57138264
75312846
73521486
37254168
37521486
73254168
72345618
27436581
27345618
72436581
74263851
47628315
47263851
74628315
76482135
67841253
67482135
76841253
78614523
87165432
87614523
78165432
71856342
17853624
71586342
17583624
15738264
51732846
15378264
51372846
53127486
35214768
35127486
53214768
52341678
25436187
25341678
52436187
54263817
45628371
45263817
54628371
56482731
65847213
65482731
56847213
58674123
85761432
85674123
58761432
57816342
75183624
75816342
57183624
51738264
15732846
51378264
15372846
13527486
31524768
13257486
31254768
32145678
23416587
23145678
32416587
34261857
43628175
43261857
34628175
36482715
63847251
63482715
36847251
38674521
83765412
83674521
38765412
37856142
73581624
73856142
37581624
35718264
53172846
53718264
35172846
31527486
13524768
31257486
13254768
12357486
21354768
12537486
21534768
25143678
52416387
52143678
25416387
24561837
42658173
42561837
24658173
26485713
62847531
62485713
26847531
28674351
82763415
82674351
28763415
27836145
72381654
72836145
27381654
23718564
32175846
32718564
23175846
21357486
12354768
21537486
12534768
15237486
51234768
15327486
51324768
53142678
35416287
35142678
53416287
54361827
45638172
45361827
54638172
56483712
65847321
65483712
56847321
58674231
85762413
85674231
58762413
57826143
75281634
75826143
57281634
52718364
25173846
25718364
52173846
51237486
15234768
51327486
15324768
13542678
31546287
13452678
31456287
34165827
43618572
43165827
34618572
36481752
63847125
63481752
36847125
38674215
83762451
83674215
38762451
37826541
73285614
73826541
37285614
32758164
23571846
23758164
32571846
35217486
53124768
53217486
35124768
31542678
13546287
31452678
13456287
14352678
41356287
14532678
41536287
45163827
54618372
54163827
45618372
46581732
64857123
64581732
46857123
48675213
84762531
84675213
48762531
47826351
74283615
74826351
47283615
42738165
24371856
24738165
42371856
43217586
34125768
34217586
43125768
41352678
14356287
41532678
14536287
15432678
51436287
15342678
51346287
53164827
35618472
35164827
53618472
56381742
65837124
65381742
56837124
58673214
85762341
85673214
58762341
57826431
75284613
75826431
57284613
52748163
25471836
25748163
52471836
54217386
45123768
45217386
54123768
51432678
15436287
51342678
15346287
13564827
31568472
13654827
31658472
36185742
63817524
63185742
36817524
38671254
83762145
83671254
38762145
37826415
73284651
73826415
37284651
32748561
23475816
23748561
32475816
34257186
43521768
43257186
34521768
35412678
53146287
53412678
35146287
31564827
13568472
31654827
13658472
16385742
61387524
16835742
61837524
68173254
86712345
86173254
68712345
67821435
76284153
76821435
67284153
62748513
26475831
26748513
62475831
64257381
46523718
46257381
64523718
65432178
56341287
56432178
65341287
63514827
36158472
36514827
63158472
61385742
16387524
61835742
16837524
18673254
81672345
18763254
81762345
87126435
78214653
78126435
87214653
82741563
28475136
28741563
82475136
84257316
48523761
48257316
84523761
85432671
58346217
58432671
85346217
83564127
38651472
38564127
83651472
86315742
68137524
68315742
86137524
81673254
18672345
81763254
18762345
17826435
71824653
17286435
71284653
72148563
27415836
27148563
72415836
74251386
47523168
47251386
74523168
75432618
57346281
57432618
75346281
73564821
37658412
37564821
73658412
76385142
67831524
67385142
76831524
78613254
87162345
87613254
78162345
71826435
17824653
71286435
17284653
12748563
21745836
12478563
21475836
24157386
42513768
42157386
24513768
25431678
52346187
52431678
25346187
23564817
32658471
32564817
23658471
26385741
62837514
62385741
26837514
28673154
82761345
82673154
28761345
27816435
72184653
72816435
27184653
21748563
12745836
21478563
12475836
14257386
41253768
14527386
41523768
45132678
54316287
54132678
45316287
43561827
34658172
34561827
43658172
46385712
64837521
64385712
46837521
48673251
84762315
84673251
48762315
47826135
74281653
74826135
47281653
42718563
24175836
24718563
42175836
41257386
14253768
41527386
14523768
15427386
51423768
15247386
51243768
52134678
25316487
25134678
52316487
53261847
35628174
35261847
53628174
56382714
65837241
65382714
56837241
58673421
85764312
85673421
58764312
57846132
75481623
75846132
57481623
54718263
45172836
45718263
54172836
51427386
15423768
51247386
15243768
12547386
21543768
12457386
21453768
24135678
42316587
42135678
24316587
23461857
32648175
32461857
23648175
26384715
62837451
62384715
26837451
28673541
82765314
82673541
28765314
27856134
72581643
72856134
27581643
25718463
52174836
52718463
25174836
21547386
12543768
21457386
12453768
14235678
41236587
14325678
41326587
43162857
34618275
34162857
43618275
46381725
64837152
64381725
46837152
48673512
84765321
84673512
48765321
47856231
74582613
74856231
47582613
45728163
54271836
54728163
45271836
42517386
24153768
24517386
42153768
41235678
14236587
41325678
14326587
13425678
31426587
13245678
31246587
32164857
23618475
23164857
32618475
36281745
63827154
63281745
36827154
38672514
83765241
83672514
38765241
37856421
73584612
73856421
37584612
35748162
53471826
53748162
35471826
34517286
43152768
43517286
34152768
31425678
13426587
31245678
13246587
