12345678
213547680
23145678
324165780
23461758
243165780
42361758
432165780
34261758
436271580
46372518
643271580
63472518
364271580
34672518
437621580
34726518
374621580
73426518
743621580
47326518
742361580
72463518
274361580
24763518
427361580
47263518
746253180
47652138
467253180
64752138
674253180
76452138
675412380
65714328
567412380
57614328
756412380
76514328
671542380
76145328
716542380
17645328
167542380
61745328
164752380
14657328
416752380
46157328
641752380
61457328
165437280
61534278
651437280
56134278
516437280
15634278
513624780
53126748
351624780
31526748
135624780
15326748
512376480
15273468
125376480
21573468
251376480
52173468
257143680
27541638
725143680
75241638
572143680
52741638
254761380
52467318
542761380
45267318
425761380
24567318
426537180
46235178
642537180
62435178
264537180
24635178
423615780
24316758
234615780
32416758
342615780
43216758
341276580
31472568
134276580
14372568
413276580
43172568
347126580
43721568
473126580
74321568
734126580
37421568
732416580
72314568
273416580
23714568
327416580
37214568
731246580
37142568
317246580
13742568
173246580
71342568
174326580
14723568
417326580
47123568
741326580
71423568
172453680
71254638
721453680
27154638
217453680
12754638
215764380
25167348
521764380
51267348
152764380
12567348
216537480
12635478
162537480
61235478
621537480
26135478
623145780
63241758
362145780
32641758
236145780
26341758
624371580
26473518
246371580
42673518
462371580
64273518
467231580
47632518
746231580
76432518
674231580
64732518
463721580
64327518
634721580
36427518
346721580
43627518
342657180
32456178
234657180
24356178
423657180
43256178
345216780
43512768
453216780
54312768
534216780
35412768
531472680
51374628
153472680
13574628
315472680
35174628
537164280
35761248
375164280
73561248
753164280
57361248
756321480
76523418
675321480
65723418
567321480
57623418
752631480
57236418
527631480
25736418
275631480
72536418
273561480
23765418
327561480
37265418
732561480
72365418
276345180
72643158
762345180
67243158
627345180
26743158
624713580
64217538
462713580
42617538
246713580
26417538
621457380
26154378
216457380
12654378
162457380
61254378
165234780
15632748
516234780
56132748
651234780
61532748
163572480
61375428
631572480
36175428
316572480
13675428
317645280
37146258
731645280
71346258
173645280
13746258
314726580
13427568
143726580
41327568
431726580
34127568
432157680
42351678
243157680
23451678
324157680
34251678
435261780
34562718
354261780
53462718
543261780
45362718
546372180
56473128
654372180
64573128
465372180
45673128
547632180
45736128
475632180
74536128
754632180
57436128
753462180
73564128
375462180
35764128
537462180
57364128
756314280
57613248
567314280
65713248
675314280
76513248
671523480
61725438
167523480
17625438
716523480
76125438
672153480
76251438
726153480
27651438
267153480
62751438
265713480
25617438
526713480
56217438
652713480
62517438
261547380
62145378
612547380
16245378
126547380
21645378
124635780
14236758
412635780
42136758
241635780
21436758
123476580
21374568
231476580
32174568
312476580
13274568
317254680
37152648
731254680
71352648
173254680
13752648
315762480
13567428
153762480
51367428
531762480
35167428
536147280
56341278
653147280
63541278
365147280
35641278
534621780
35426718
345621780
43526718
453621780
54326718
452376180
42573168
245376180
25473168
524376180
54273168
457236180
54732168
574236180
75432168
745236180
47532168
743526180
73425168
374526180
34725168
437526180
47325168
742356180
47253168
427356180
24753168
274356180
72453168
275436180
25734168
527436180
57234168
752436180
72534168
273514680
72315648
732514680
37215648
327514680
23715648
321765480
31267458
132765480
12367458
213765480
23167458
326147580
23641578
263147580
62341578
632147580
36241578
634251780
64352718
463251780
43652718
346251780
36452718
635472180
36574128
356472180
53674128
563472180
65374128
567342180
57643128
756342180
76543128
675342180
65743128
564732180
65437128
645732180
46537128
456732180
54637128
453617280
43516278
345617280
35416278
534617280
54316278
451326780
54123768
514326780
15423768
145326780
41523768
142573680
12475638
214573680
24175638
421573680
41275638
147265380
41762358
471265380
74162358
714265380
17462358
716432580
76134528
671432580
61734528
167432580
17634528
713642580
17346528
137642580
31746528
371642580
73146528
374162580
34761528
437162580
47361528
743162580
73461528
376451280
73654218
763451280
67354218
637451280
36754218
635724180
65327148
563724180
53627148
356724180
36527148
632517480
36215478
326517480
23615478
263517480
62315478
261345780
21643758
126345780
16243758
612345780
62143758
264173580
62471538
642173580
46271538
426173580
24671538
427651380
47256318
742651380
72456318
274651380
24756318
425736180
24537168
254736180
52437168
542736180
45237168
543217680
53412678
354217680
34512678
435217680
45312678
541362780
45163728
415362780
14563728
154362780
51463728
156473280
16574238
615473280
65174238
561473280
51674238
157643280
51746238
571643280
75146238
715643280
17546238
714563280
74165238
471563280
41765238
147563280
17465238
716425380
17624358
167425380
61724358
671425380
76124358
672134580
62731548
267134580
27631548
726134580
76231548
673214580
76312548
736214580
37612548
367214580
63712548
361724580
31627548
136724580
16327548
613724580
63127548
362157480
63251478
623157480
26351478
236157480
32651478
235641780
25346718
523641780
53246718
352641780
32546718
234576180
32475168
342576180
43275168
423576180
24375168
427315680
47213658
742315680
72413658
274315680
24713658
421763580
24167538
214763580
12467538
142763580
41267538
146257380
16452378
614257380
64152378
461257380
41652378
145632780
41536728
451632780
54136728
514632780
15436728
513476280
53174268
351476280
31574268
135476280
15374268
517346280
15743268
175346280
71543268
751346280
57143268
754136280
74531268
475136280
45731268
547136280
57431268
753416280
57314268
537416280
35714268
375416280
73514268
371546280
31745268
137546280
17345268
713546280
73145268
374125680
73421658
743125680
47321658
437125680
34721658
432761580
42367518
243761580
23467518
324761580
34267518
436257180
34652178
364257180
63452178
643257180
46352178
645312780
65413728
564312780
54613728
456312780
46513728
641573280
46175238
416573280
14675238
164573280
61475238
167453280
17654238
716453280
76154238
671453280
61754238
165743280
61547238
651743280
56147238
516743280
15647238
514627380
54126378
451627380
41526378
145627380
15426378
512436780
15234768
125436780
21534768
251436780
52134768
253174680
23571648
325174680
35271648
532174680
52371648
257361480
52763418
572361480
75263418
725361480
27563418
726543180
76245138
672543180
62745138
267543180
27645138
724653180
27456138
247653180
42756138
472653180
74256138
475263180
45762138
547263180
57462138
754263180
74562138
476512380
74615328
764512380
67415328
647512380
46715328
641735280
61437258
164735280
14637258
416735280
46137258
643127580
46321578
436127580
34621578
364127580
63421578
362451780
32654718
236451780
26354718
623451780
63254718
365274180
63572148
653274180
56372148
536274180
35672148
537612480
57316428
753612480
73516428
375612480
35716428
531746280
35147268
315746280
13547268
153746280
51347268
154327680
14523678
415327680
45123678
541327680
51423678
152463780
51264738
521463780
25164738
215463780
12564738
216574380
26175348
621574380
61275348
162574380
12675348
217654380
12756348
172654380
71256348
721654380
27156348
725164380
75261348
572164380
52761348
257164380
27561348
726531480
27635418
267531480
62735418
672531480
76235418
673245180
63742158
367245180
37642158
736245180
76342158
674325180
76423158
746325180
47623158
467325180
64723158
462735180
42637158
246735180
26437158
624735180
64237158
463217580
64312578
634217580
36412578
346217580
43612578
341652780
31456728
134652780
14356728
413652780
43156728
345176280
43571268
453176280
54371268
534176280
35471268
537421680
57324618
753421680
73524618
375421680
35724618
532764180
35267148
325764180
23567148
253764180
52367148
256317480
26513478
625317480
65213478
562317480
52613478
251643780
52146738
512643780
15246738
125643780
21546738
124576380
14275368
412576380
42175368
241576380
21475368
127456380
21754368
271456380
72154368
712456380
17254368
715246380
75142368
571246380
51742368
157246380
17542368
714526380
17425368
147526380
41725368
471526380
74125368
472156380
42751368
247156380
27451368
724156380
74251368
475231680
74532618
754231680
57432618
547231680
45732618
543762180
53467128
354762180
34567128
435762180
45367128
546317280
45613278
465317280
64513278
654317280
56413278
651423780
61524738
165423780
15624738
516423780
56124738
652174380
56271348
526174380
25671348
265174380
62571348
267514380
27615348
726514380
76215348
672514380
62715348
261754380
62157348
612754380
16257348
126754380
21657348
125637480
15236478
512637480
52136478
251637480
21536478
123546780
21345768
231546780
32145768
312546780
13245768
314275680
34172658
431275680
41372658
143275680
13472658
317462580
13764528
173462580
71364528
731462580
37164528
736154280
76351248
673154280
63751248
367154280
37651248
735614280
37516248
357614280
53716248
573614280
75316248
571364280
51763248
157364280
17563248
715364280
75163248
576134280
75631248
765134280
67531248
657134280
56731248
653714280
63517248
365714280
35617248
536714280
56317248
651327480
56123478
516327480
15623478
165327480
61523478
162543780
12645738
216543780
26145738
621543780
61245738
164275380
61472358
641275380
46172358
416275380
14672358
417632580
47136528
741632580
71436528
174632580
14736528
413756280
14357268
134756280
31457268
341756280
43157268
345127680
35421678
534127680
54321678
453127680
43521678
342561780
43265718
423561780
24365718
234561780
32465718
236475180
26374158
623475180
63274158
362475180
32674158
237645180
32746158
372645180
73246158
723645180
27346158
724365180
74263158
472365180
42763158
247365180
27463158
726413580
27614538
267413580
62714538
672413580
76214538
671254380
61752348
167254380
17652348
716254380
76152348
675124380
76521348
756124380
57621348
567124380
65721348
562714380
52617348
256714380
26517348
625714380
65217348
561237480
65132478
615237480
16532478
156237480
51632478
153642780
13546728
315642780
35146728
531642780
51346728
154376280
51473268
541376280
45173268
415376280
14573268
417523680
47125638
741523680
71425638
174523680
14725638
412765380
14267358
124765380
21467358
241765380
42167358
246137580
26431578
624137580
64231578
462137580
42631578
243651780
42356718
432651780
34256718
324651780
23456718
325476180
35274168
532476180
52374168
253476180
23574168
327546180
23745168
273546180
72345168
732546180
37245168
734256180
74352168
473256180
43752168
347256180
37452168
735426180
37524168
357426180
53724168
573426180
75324168
572346180
52743168
257346180
27543168
725346180
75243168
574213680
75412638
745213680
47512638
457213680
54712638
451762380
41567328
145762380
15467328
514762380
54167328
456137280
54631278
564137280
65431278
645137280
46531278
643521780
63425718
364521780
34625718
436521780
46325718
642375180
46273158
426375180
24673158
264375180
62473158
267435180
27634158
726435180
76234158
672435180
62734158
263745180
62347158
632745180
36247158
326745180
23647158
324617580
34216578
432617580
42316578
243617580
23416578
321456780
23154768
213456780
12354768
132456780
31254768
135274680
15372648
513274680
53172648
351274680
31572648
137562480
31765428
371562480
73165428
713562480
17365428
716345280
76143258
671345280
61743258
167345280
17643258
714635280
17436258
147635280
41736258
471635280
74136258
473165280
43761258
347165280
37461258
734165280
74361258
476321580
74623518
764321580
67423518
647321580
46723518
642753180
62457138
264753180
24657138
426753180
46257138
645217380
46512378
456217380
54612378
564217380
65412378
561432780
51634728
156432780
16534728
615432780
65134728
563174280
65371248
635174280
36571248
356174280
53671248
357621480
37526418
735621480
75326418
573621480
53726418
352746180
53247168
523746180
25347168
235746180
32547168
234517680
24315678
423517680
43215678
342517680
32415678
231465780
32164758
312465780
13264758
123465780
21364758
126374580
16273548
612374580
62173548
261374580
21673548
127634580
21736548
271634580
72136548
712634580
17236548
713264580
73162548
371264580
31762548
137264580
17362548
716352480
17653428
167352480
61753428
671352480
76153428
675143280
65741238
567143280
57641238
756143280
76541238
674513280
76415238
746513280
47615238
467513280
64715238
461753280
41657238
146753280
16457238
614753280
64157238
465127380
64521378
654127380
56421378
546127380
45621378
542631780
52436718
254631780
24536718
425631780
45236718
543276180
45372168
435276180
34572168
354276180
53472168
357412680
37514628
735412680
75314628
573412680
53714628
351764280
53167248
513764280
15367248
135764280
31567248
136527480
16325478
613527480
63125478
361527480
31625478
132645780
31246758
321645780
23146758
213645780
12346758
214376580
24173568
421376580
41273568
142376580
12473568
217436580
12734568
172436580
71234568
721436580
27134568
723146580
73241568
372146580
32741568
237146580
27341568
724316580
27413568
247316580
42713568
472316580
74213568
471236580
41732568
147236580
17432568
714236580
74132568
473152680
74351628
734152680
37451628
347152680
43751628
345761280
35467218
534761280
54367218
453761280
43567218
346527180
43625178
463527180
64325178
634527180
36425178
632415780
62314758
263415780
23614758
326415780
36214758
631274580
36172548
316274580
13672548
163274580
61372548
167324580
17623548
716324580
76123548
671324580
61723548
162734580
61237548
621734580
26137548
216734580
12637548
213657480
23156478
321657480
31256478
132657480
12356478
215346780
12543768
152346780
51243768
521346780
25143768
524173680
54271638
452173680
42571638
245173680
25471638
527461380
25764318
275461380
72564318
752461380
57264318
756234180
76532148
675234180
65732148
567234180
57632148
753624180
57326148
537624180
35726148
375624180
73526148
372564180
32765148
237564180
27365148
723564180
73265148
376215480
73612458
763215480
67312458
637215480
36712458
631742580
61347528
163742580
13647528
316742580
36147528
634157280
36451278
346157280
43651278
463157280
64351278
465321780
45623718
546321780
56423718
654321780
64523718
462573180
64275138
624573180
26475138
246573180
42675138
247615380
27416358
724615380
74216358
472615380
42716358
241736580
42137568
412736580
14237568
124736580
21437568
123457680
13254678
312457680
32154678
231457680
21354678
125364780
21563748
251364780
52163748
512364780
15263748
516273480
56172438
651273480
61572438
165273480
15672438
517623480
15726438
175623480
71526438
751623480
57126438
752163480
72561438
275163480
25761438
527163480
57261438
756241380
57642318
567241380
65742318
675241380
76542318
674532180
64735128
467532180
47635128
746532180
76435128
673452180
76354128
736452180
37654128
367452180
63754128
365742180
35647128
536742180
56347128
653742180
63547128
364517280
63415278
643517280
46315278
436517280
34615278
431625780
41326758
143625780
13426758
314625780
34126758
432176580
34271568
324176580
23471568
243176580
42371568
247351680
27453618
724351680
74253618
472351680
42753618
245763180
42567138
452763180
54267138
524763180
25467138
526417380
56214378
652417380
62514378
265417380
25614378
521634780
25136748
215634780
12536748
152634780
51236748
153276480
13572468
315276480
35172468
531276480
51372468
157326480
51723468
571326480
75123468
715326480
17523468
712536480
72135468
271536480
21735468
127536480
17235468
713256480
17352468
137256480
31752468
371256480
73152468
375126480
35721468
537126480
57321468
753126480
73521468
372541680
73245618
723541680
27345618
237541680
32745618
234765180
24367158
423765180
43267158
342765180
32467158
236417580
32614578
362417580
63214578
623417580
26314578
621354780
61253748
162354780
12653748
216354780
26153748
625173480
26571438
256173480
52671438
562173480
65271438
567213480
57612438
756213480
76512438
675213480
65712438
561723480
65127438
615723480
16527438
156723480
51627438
152647380
12546378
215647380
25146378
521647380
51246378
154236780
51432768
541236780
45132768
415236780
14532768
413572680
43175628
341572680
31475628
134572680
14375628
417365280
14763258
174365280
71463258
741365280
47163258
746123580
76421538
674123580
64721538
467123580
47621538
742613580
47216538
427613580
24716538
274613580
72416538
271463580
21764538
127463580
17264538
712463580
72164538
276154380
72651348
762154380
67251348
627154380
26751348
625731480
65237418
562731480
52637418
256731480
26537418
623547180
26345178
236547180
32645178
362547180
63245178
364215780
34612758
436215780
46312758
643215780
63412758
361472580
63174528
613472580
16374528
136472580
31674528
137654280
17356248
713654280
73156248
371654280
31756248
135726480
31527468
351726480
53127468
513726480
15327468
512347680
52143678
251347680
21543678
125347680
15243678
514263780
15462738
145263780
41562738
451263780
54162738
456172380
46571328
645172380
65471328
564172380
54671328
457612380
54716328
574612380
75416328
745612380
47516328
741562380
71465328
174562380
14765328
417562380
47165328
746135280
47631258
467135280
64731258
674135280
76431258
673421580
63724518
367421580
37624518
736421580
76324518
672341580
76243518
726341580
27643518
267341580
62743518
264731580
24637518
426731580
46237518
642731580
62437518
263457180
62354178
632457180
36254178
326457180
23654178
325614780
35216748
532614780
52316748
253614780
23516748
321576480
23175468
213576480
12375468
132576480
31275468
137245680
17342658
713245680
73142658
371245680
31742658
134762580
31467528
341762580
43167528
413762580
14367528
416357280
46153278
641357280
61453278
164357280
14653278
415623780
14526738
154623780
51426738
541623780
45126738
542176380
52471368
254176380
24571368
425176380
45271368
547216380
45712368
475216380
74512368
754216380
57412368
751426380
71524368
175426380
15724368
517426380
57124368
752146380
57241368
527146380
25741368
275146380
72541368
274516380
24715368
427516380
47215368
742516380
72415368
271435680
72134658
712435680
17234658
127435680
21734658
123764580
13267548
312764580
32167548
231764580
21367548
126357480
21653478
261357480
62153478
612357480
16253478
615243780
65142738
561243780
51642738
156243780
16542738
614572380
16475328
146572380
41675328
461572380
64175328
467152380
47651328
746152380
76451328
674152380
64751328
465712380
64517328
654712380
56417328
546712380
45617328
541637280
51436278
154637280
14536278
415637280
45136278
543126780
45321768
435126780
34521768
354126780
53421768
352471680
32574618
235471680
25374618
523471680
53274618
357264180
53762148
573264180
75362148
735264180
37562148
736512480
76315428
673512480
63715428
367512480
37615428
731652480
37156428
317652480
13756428
173652480
71356428
175362480
15763428
517362480
57163428
751362480
71563428
176543280
71645238
761543280
67145238
617543280
16745238
614725380
64127358
461725380
41627358
146725380
16427358
612437580
16234578
126437580
21634578
261437580
62134578
263154780
23651748
326154780
36251748
632154780
62351748
265371480
62573418
652371480
56273418
526371480
25673418
527643180
57246138
752643180
72546138
275643180
25746138
524716380
25417368
245716380
42517368
452716380
54217368
451237680
41532678
145237680
15432678
514237680
54132678
453162780
54361728
534162780
35461728
345162780
43561728
346571280
36475218
634571280
64375218
463571280
43675218
347651280
43756218
473651280
74356218
734651280
37456218
735461280
75364218
573461280
53764218
357461280
37564218
736524180
37625148
367524180
63725148
673524180
76325148
672315480
62713458
267315480
27613458
726315480
76213458
671235480
76132458
716235480
17632458
167235480
61732458
163725480
13627458
316725480
36127458
631725480
61327458
162347580
61243578
621347580
26143578
216347580
12643578
214653780
24156738
421653780
41256738
142653780
12456738
215476380
12574368
152476380
51274368
521476380
25174368
527134680
57231648
752134680
72531648
275134680
25731648
523761480
25367418
235761480
32567418
352761480
53267418
356247180
36542178
635247180
65342178
563247180
53642178
354612780
53416728
543612780
45316728
435612780
34516728
431576280
41375268
143576280
13475268
314576280
34175268
437156280
34751268
374156280
73451268
743156280
47351268
745316280
75413268
574316280
54713268
457316280
47513268
741536280
47135268
417536280
14735268
174536280
71435268
173456280
13754268
317456280
37154268
731456280
71354268
175324680
71523648
751324680
57123648
517324680
15723648
512763480
52167438
251763480
21567438
125763480
15267438
516247380
15642378
165247380
61542378
651247380
56142378
654132780
64531728
465132780
45631728
546132780
56431728
653471280
56374218
536471280
35674218
365471280
63574218
367541280
37645218
736541280
76345218
673541280
63745218
364751280
63457218
643751280
46357218
436751280
34657218
435627180
45326178
543627180
53426178
354627180
34526178
432516780
34215768
324516780
23415768
243516780
42315768
241375680
21473658
124375680
14273658
412375680
42173658
247163580
42761538
472163580
74261538
724163580
27461538
726451380
76254318
672451380
62754318
267451380
27654318
725641380
27546318
257641380
52746318
572641380
75246318
574261380
54762318
457261380
47562318
745261380
75462318
576421380
75624318
765421380
67524318
657421380
56724318
652741380
62547318
265741380
25647318
526741380
56247318
654237180
56432178
546237180
45632178
465237180
64532178
463512780
43615728
346512780
36415728
634512780
64315728
461375280
64173258
614375280
16473258
146375280
41673258
147623580
17426538
714623580
74126538
471623580
41726538
142756380
41257368
421756380
24157368
214756380
12457368
215437680
25134678
521437680
51234678
152437680
12534678
213564780
12365748
132564780
31265748
321564780
23165748
326175480
36271458
632175480
62371458
263175480
23671458
327615480
23716458
273615480
72316458
732615480
37216458
731265480
71362458
173265480
13762458
317265480
37162458
736142580
37641528
367142580
63741528
673142580
76341528
674351280
64753218
467351280
47653218
746351280
76453218
675431280
76534218
756431280
57634218
567431280
65734218
563741280
53647218
356741280
36547218
635741280
65347218
564327180
65423178
645327180
46523178
456327180
54623178
452613780
42516738
245613780
25416738
524613780
54216738
451276380
54172368
514276380
15472368
145276380
41572368
147532680
17435628
714532680
74135628
471532680
41735628
143765280
41367258
431765280
34167258
314765280
13467258
316427580
36124578
631427580
61324578
163427580
13624578
312654780
13256748
123654780
21356748
231654780
32156748
235176480
25371468
523176480
53271468
352176480
32571468
237516480
32715468
372516480
73215468
723516480
27315468
721356480
71253468
172356480
12753468
217356480
27153468
725136480
27531468
257136480
52731468
572136480
75231468
573216480
53712468
357216480
37512468
735216480
75312468
571342680
75143628
715342680
17543628
157342680
51743628
154763280
14567238
415763280
45167238
541763280
51467238
156427380
51624378
561427380
65124378
615427380
16524378
612534780
62135748
261534780
21635748
126534780
16235748
613275480
16372458
136275480
31672458
361275480
63172458
367125480
37621458
736125480
76321458
673125480
63721458
362715480
63217458
623715480
26317458
236715480
32617458
231647580
21346578
123647580
13246578
312647580
32146578
234156780
32451768
342156780
43251768
423156780
24351768
425371680
45273618
542371680
52473618
254371680
24573618
427563180
24765138
274563180
72465138
742563180
47265138
746215380
76412358
674215380
64712358
467215380
47612358
741625380
47126358
417625380
14726358
174625380
71426358
172465380
12764358
217465380
27164358
721465380
71264358
176234580
71632548
761234580
67132548
617234580
16732548
613752480
63157428
361752480
31657428
136752480
16357428
615347280
16543278
156347280
51643278
561347280
65143278
564123780
54621738
456123780
46521738
645123780
65421738
562471380
65274318
625471380
26574318
256471380
52674318
257634180
27536148
725634180
75236148
572634180
52736148
253716480
52317468
532716480
35217468
325716480
23517468
321574680
31275648
132574680
12375648
213574680
23175648
327165480
23761458
273165480
72361458
732165480
37261458
736241580
76342518
673241580
63742518
367241580
37642518
734621580
37426518
347621580
43726518
473621580
74326518
472361580
42763518
247361580
27463518
724361580
74263518
476253180
74652138
764253180
67452138
647253180
46752138
645712380
65417328
564712380
54617328
456712380
46517328
641537280
46135278
416537280
14635278
164537280
61435278
163425780
13624758
316425780
36124758
631425780
61324758
162374580
61273548
621374580
26173548
216374580
12673548
217653480
27156438
721653480
71256438
172653480
12756438
215746380
12547368
152746380
51247368
521746380
25147368
524137680
54231678
452137680
42531678
245137680
25431678
523461780
25364718
235461780
32564718
352461780
53264718
356274180
36572148
635274180
65372148
563274180
53672148
357624180
53726148
573624180
75326148
735624180
37526148
732564180
72365148
273564180
23765148
327564180
37265148
736215480
37612458
367215480
63712458
673215480
76312458
671342580
61743528
167342580
17643528
716342580
76143528
674132580
76431528
746132580
47631528
467132580
64731528
463712580
43617528
346712580
36417528
634712580
64317528
461357280
64153278
614357280
16453278
146357280
41653278
145623780
15426738
514623780
54126738
451623780
41526738
142576380
41275368
421576380
24175368
214576380
12475368
217435680
27134658
721435680
71234658
172435680
12734658
213764580
12367548
132764580
31267548
321764580
23167548
326157480
36251478
632157480
62351478
263157480
23651478
325641780
23546718
253641780
52346718
532641780
35246718
534276180
54372168
453276180
43572168
345276180
35472168
537426180
35724168
375426180
73524168
753426180
57324168
752346180
72543168
275346180
25743168
527346180
57243168
754236180
57432168
547236180
45732168
475236180
74532168
473526180
43725168
347526180
37425168
734526180
74325168
472315680
74213658
724315680
27413658
247315680
42713658
241763580
21467538
124763580
14267538
412763580
42167538
246157380
42651378
462157380
64251378
624157380
26451378
625431780
65234718
562431780
52634718
256431780
26534718
623574180
26375148
236574180
32675148
362574180
63275148
367254180
37652148
736254180
76352148
673254180
63752148
365724180
63527148
653724180
56327148
536724180
35627148
532617480
52316478
253617480
23516478
325617480
35216478
531246780
35142768
315246780
13542768
153246780
51342768
154372680
14573628
415372680
45173628
541372680
51473628
157463280
51764238
571463280
75164238
715463280
17564238
716524380
76125348
671524380
61725348
167524380
17625348
712654380
17256348
127654380
21756348
271654380
72156348
275164380
25761348
527164380
57261348
752164380
72561348
276531480
72635418
762531480
67235418
627531480
26735418
623745180
63247158
362745180
32647158
236745180
26347158
624317580
26413578
246317580
42613578
462317580
64213578
461253780
41652738
146253780
16452738
614253780
64152738
465172380
64571328
654172380
56471328
546172380
45671328
547631280
57436218
754631280
74536218
475631280
45736218
543726180
45327168
435726180
34527168
354726180
53427168
352417680
32514678
235417680
25314678
523417680
53214678
351264780
53162748
513264780
15362748
135264780
31562748
136572480
16375428
613572480
63175428
361572480
31675428
137652480
31756428
371652480
73156428
713652480
17356428
715362480
75163428
571362480
51763428
157362480
17563428
716543280
17645238
167543280
61745238
671543280
76145238
674125380
64721358
467125380
47621358
746125380
76421358
672415380
76214358
726415380
27614358
267415380
62714358
261745380
21647358
126745380
16247358
612745380
62147358
264137580
62431578
642137580
46231578
426137580
24631578
423651780
43256718
342651780
32456718
234651780
24356718
425376180
24573168
254376180
52473168
542376180
45273168
547213680
57412638
754213680
74512638
475213680
45712638
541762380
45167328
415762380
14567328
154762380
51467328
156437280
16534278
615437280
65134278
561437280
51634278
153624780
51326748
531624780
35126748
315624780
13526748
312576480
32175468
231576480
21375468
123576480
13275468
317256480
13752468
173256480
71352468
731256480
37152468
735126480
75321468
573126480
53721468
357126480
37521468
732516480
37215468
327516480
23715468
273516480
72315468
271356480
21753468
127356480
17253468
712356480
72153468
275143680
72541638
752143680
57241638
527143680
25741638
524761380
54267318
452761380
42567318
245761380
25467318
526437180
25634178
265437180
62534178
652437180
56234178
653214780
63512748
365214780
35612748
536214780
56312748
651372480
56173428
516372480
15673428
165372480
61573428
167532480
17635428
716532480
76135428
671532480
61735428
163752480
61357428
631752480
36157428
316752480
13657428
315647280
35146278
531647280
51346278
153647280
13546278
314526780
13425768
143526780
41325768
431526780
34125768
432175680
42371658
243175680
23471658
324175680
34271658
437261580
34762518
374261580
73462518
743261580
47362518
746352180
76453128
674352180
64753128
467352180
47653128
745632180
47536128
457632180
54736128
574632180
75436128
573462180
53764128
357462180
37564128
735462180
75364128
576314280
75613248
765314280
67513248
657314280
56713248
651723480
61527438
165723480
15627438
516723480
56127438
652147380
56241378
526147380
25641378
265147380
62541378
264531780
24635718
426531780
46235718
642531780
62435718
263475180
62374158
632475180
36274158
326475180
23674158
327614580
37216548
732614580
72316548
273614580
23716548
321756480
23157468
213756480
12357468
132756480
31257468
135247680
15342678
513247680
53142678
351247680
31542678
134562780
31465728
341562780
43165728
413562780
14365728
416375280
46173258
641375280
61473258
164375280
14673258
417635280
14736258
174635280
71436258
741635280
47136258
743165280
73461258
374165280
34761258
437165280
47361258
746321580
47623518
467321580
64723518
674321580
76423518
672453180
62754138
267453180
27654138
726453180
76254138
675214380
76512348
756214380
57612348
567214380
65712348
561732480
51637428
156732480
16537428
615732480
65137428
563147280
65341278
635147280
36541278
356147280
53641278
354621780
34526718
435621780
45326718
543621780
53426718
352476180
53274168
523476180
25374168
235476180
32574168
237514680
27315648
723514680
73215648
372514680
32715648
231765480
32167458
312765480
13267458
123765480
21367458
126347580
16243578
612347580
62143578
261347580
21643578
124653780
21456738
241653780
42156738
412653780
14256738
415276380
45172368
541276380
51472368
154276380
14572368
417526380
14725368
174526380
71425368
741526380
47125368
742156380
72451368
274156380
24751368
427156380
47251368
745216380
47512368
457216380
54712368
574216380
75412368
571426380
51724368
157426380
17524368
715426380
75124368
572134680
75231648
725134680
27531648
257134680
52731648
253761480
23567418
325761480
35267418
532761480
52367418
256347180
52643178
562347180
65243178
625347180
26543178
624513780
64215738
462513780
42615738
246513780
26415738
621475380
26174358
216475380
12674358
162475380
61274358
167245380
17642358
716245380
76142358
671245380
61742358
164725380
61427358
641725380
46127358
416725380
14627358
412637580
42136578
241637580
21436578
124637580
14236578
413256780
14352768
134256780
31452768
341256780
43152768
345172680
35471628
534172680
54371628
453172680
43571628
347561280
43765218
473561280
74365218
734561280
37465218
736425180
76324158
673425180
63724158
367425180
37624158
732645180
37246158
327645180
23746158
273645180
72346158
274365180
24763158
427365180
47263158
742365180
72463158
276413580
72614538
762413580
67214538
627413580
26714538
621754380
61257348
162754380
12657348
216754380
26157348
625137480
26531478
256137480
52631478
562137480
65231478
563241780
53642718
356241780
36542718
635241780
65342718
564372180
65473128
645372180
46573128
456372180
54673128
457613280
47516238
745613280
75416238
574613280
54716238
451726380
54127368
514726380
15427368
145726380
41527368
142537680
12435678
214537680
24135678
421537680
41235678
143265780
41362758
431265780
34162758
314265780
13462758
316472580
36174528
631472580
61374528
163472580
13674528
317642580
13746528
173642580
71346528
731642580
37146528
734162580
74361528
473162580
43761528
347162580
37461528
736451280
37654218
367451280
63754218
673451280
76354218
675324180
65723148
567324180
57623148
756324180
76523148
672534180
76235148
726534180
27635148
267534180
62735148
263754180
23657148
326754180
36257148
632754180
62357148
265317480
62513478
652317480
56213478
526317480
25613478
521643780
51246738
152643780
12546738
215643780
25146738
524176380
25471368
245176380
42571368
452176380
54271368
457231680
47532618
745231680
75432618
574231680
54732618
453762180
54367128
534762180
35467128
345762180
43567128
346517280
36415278
634517280
64315278
463517280
43615278
341625780
43126758
413625780
14326758
134625780
31426758
132476580
12374568
213476580
23174568
321476580
31274568
137246580
31742568
371246580
73142568
713246580
17342568
714326580
74123568
471326580
41723568
147326580
17423568
712436580
17234568
127436580
21734568
271436580
72134568
273146580
23741568
327146580
37241568
732146580
72341568
274351680
72453618
742351680
47253618
427351680
24753618
425763180
45267138
542763180
52467138
254763180
24567138
426517380
24615378
264517380
62415378
642517380
46215378
641235780
61432758
164235780
14632758
416235780
46132758
643172580
46371528
436172580
34671528
364172580
63471528
367412580
37614528
736412580
76314528
673412580
63714528
361742580
63147528
613742580
16347528
136742580
31647528
134657280
14356278
413657280
43156278
341657280
31456278
135426780
31524768
351426780
53124768
513426780
15324768
512374680
52173648
251374680
21573648
125374680
15273648
517263480
15762438
175263480
71562438
751263480
57162438
756142380
76541328
675142380
65741328
567142380
57641328
754612380
57416328
547612380
45716328
475612380
74516328
471562380
41765328
147562380
17465328
714562380
74165328
476135280
74631258
764135280
67431258
647135280
46731258
643721580
63427518
364721580
34627518
436721580
46327518
642357180
46253178
426357180
24653178
264357180
62453178
265413780
25614738
526413780
56214738
652413780
62514738
261574380
62175348
612574380
16275348
126574380
21675348
127635480
17236458
712635480
72136458
271635480
21736458
123746580
21347568
231746580
32147568
312746580
13247568
314257680
34152678
431257680
41352678
143257680
13452678
315462780
13564728
153462780
51364728
531462780
35164728
536174280
56371248
653174280
63571248
365174280
35671248
537614280
35716248
375614280
73516248
753614280
57316248
751364280
71563248
175364280
15763248
517364280
57163248
756123480
57621438
567123480
65721438
675123480
76521438
672541380
62745318
267541380
27645318
726541380
76245318
674251380
76452318
746251380
47652318
467251380
64752318
465721380
45627318
546721380
56427318
654721380
64527318
462537180
64235178
624537180
26435178
246537180
42635178
243615780
23416758
324615780
34216758
432615780
42316758
241376580
42173568
412376580
14273568
124376580
21473568
127453680
17254638
712453680
72154638
271453680
21754638
125764380
21567348
251764380
52167348
512764380
15267348
516237480
56132478
651237480
61532478
165237480
15632478
513642780
15346728
135642780
31546728
351642780
53146728
354176280
34571268
435176280
45371268
543176280
53471268
357416280
53714268
573416280
75314268
735416280
37514268
731546280
71345268
173546280
13745268
317546280
37145268
734156280
37451268
347156280
43751268
473156280
74351268
475316280
45713268
547316280
57413268
754316280
74513268
471523680
74125638
714523680
17425638
147523680
41725638
142765380
12467358
214765380
24167358
421765380
41267358
146237580
41632578
461237580
64132578
614237580
16432578
613452780
63154728
361452780
31654728
136452780
16354728
615374280
16573248
156374280
51673248
561374280
65173248
567134280
57631248
756134280
76531248
675134280
65731248
563714280
65317248
635714280
36517248
356714280
53617248
351627480
31526478
135627480
15326478
513627480
53126478
352146780
53241768
523146780
25341768
235146780
32541768
234571680
24375618
423571680
43275618
342571680
32475618
237465180
32764158
372465180
73264158
723465180
27364158
726314580
76213548
672314580
62713548
267314580
27613548
721634580
27136548
217634580
12736548
172634580
71236548
173264580
13762548
317264580
37162548
731264580
71362548
176352480
71653428
761352480
67153428
617352480
16753428
615743280
65147238
561743280
51647238
156743280
16547238
614527380
16425378
146527380
41625378
461527380
64125378
462135780
42631758
246135780
26431758
624135780
64231758
463271580
64372518
634271580
36472518
346271580
43672518
347652180
37456128
734652180
74356128
473652180
43756128
345716280
43517268
453716280
54317268
534716280
35417268
531427680
51324678
153427680
13524678
315427680
35124678
532164780
35261748
325164780
23561748
253164780
52361748
256371480
26573418
625371480
65273418
562371480
52673418
257631480
52736418
572631480
75236418
725631480
27536418
723561480
73265418
372561480
32765418
237561480
27365418
726345180
27643158
267345180
62743158
672345180
76243158
674213580
64712538
467213580
47612538
746213580
76412538
671423580
76124538
716423580
17624538
167423580
61724538
162743580
12647538
216743580
26147538
621743580
61247538
164257380
61452378
641257380
46152378
416257380
14652378
415632780
45136728
541632780
51436728
154632780
14536728
413576280
14375268
134576280
31475268
341576280
43175268
347125680
37421658
734125680
74321658
473125680
43721658
342761580
43267518
423761580
24367518
234761580
32467518
236457180
26354178
623457180
63254178
362457180
32654178
235614780
32516748
352614780
53216748
523614780
25316748
521376480
51273468
152376480
12573468
215376480
25173468
527136480
25731468
275136480
72531468
752136480
57231468
753216480
73512468
375216480
35712468
537216480
57312468
751326480
57123468
517326480
15723468
175326480
71523468
172536480
12735468
217536480
27135468
721536480
71235468
173245680
71342658
731245680
37142658
317245680
13742658
314762580
34167528
431762580
41367528
143762580
13467528
316457280
13654278
163457280
61354278
631457280
36154278
635124780
65321748
563124780
53621748
356124780
36521748
632571480
36275418
326571480
23675418
263571480
62375418
267351480
27653418
726351480
76253418
672351480
62753418
265731480
62537418
652731480
56237418
526731480
25637418
523647180
53246178
352647180
32546178
235647180
25346178
524316780
25413768
245316780
42513768
452316780
54213768
451273680
41572638
145273680
15472638
514273680
54172638
457162380
54761328
574162380
75461328
745162380
47561328
746531280
76435218
674531280
64735218
467531280
47635218
743651280
47356218
437651280
34756218
374651280
73456218
375461280
35764218
537461280
57364218
753461280
73564218
376524180
73625148
763524180
67325148
637524180
36725148
632715480
62317458
263715480
23617458
326715480
36217458
631247580
36142578
316247580
13642578
163247580
61342578
164352780
14653728
416352780
46153728
641352780
61453728
165473280
61574238
651473280
56174238
516473280
15674238
517624380
57126348
751624380
71526348
175624380
15726348
512736480
15237468
125736480
21537468
251736480
52137468
253147680
23541678
325147680
35241678
532147680
52341678
254361780
52463718
542361780
45263718
425361780
24563718
426573180
46275138
642573180
62475138
264573180
24675138
427653180
24756138
274653180
72456138
742653180
47256138
745263180
75462138
574263180
54762138
457263180
47562138
746512380
47615328
467512380
64715328
674512380
76415328
671435280
61734258
167435280
17634258
716435280
76134258
673145280
76341258
736145280
37641258
367145280
63741258
364715280
34617258
436715280
46317258
643715280
63417258
361427580
63124578
613427580
16324578
136427580
31624578
132654780
12356748
213654780
23156748
321654780
31256748
135276480
31572468
351276480
53172468
513276480
15372468
517342680
57143628
751342680
71543628
175342680
15743628
514763280
15467238
145763280
41567238
451763280
54167238
456127380
46521378
645127380
65421378
564127380
54621378
452631780
54236718
524631780
25436718
245631780
42536718
243576180
23475168
324576180
34275168
432576180
42375168
247356180
42753168
472356180
74253168
724356180
27453168
725436180
75234168
572436180
52734168
257436180
27534168
723546180
27345168
237546180
32745168
372546180
73245168
374256180
34752168
437256180
47352168
743256180
73452168
375412680
73514628
753412680
57314628
537412680
35714628
531764280
51367248
153764280
13567248
315764280
35167248
536127480
35621478
365127480
63521478
653127480
56321478
652341780
62543718
265341780
25643718
526341780
56243718
654273180
56472138
546273180
45672138
465273180
64572138
467523180
47625138
746523180
76425138
674523180
64725138
462753180
64257138
624753180
26457138
246753180
42657138
245617380
25416378
524617380
54216378
452617380
42516378
241536780
42135768
412536780
14235768
124536780
21435768
123475680
13274658
312475680
32174658
231475680
21374658
127364580
21763548
271364580
72163548
712364580
17263548
716253480
76152438
671253480
61752438
167253480
17652438
715623480
17526438
157623480
51726438
571623480
75126438
572163480
52761438
257163480
27561438
725163480
75261438
576241380
75642318
765241380
67542318
657241380
56742318
654732180
64537128
465732180
45637128
546732180
56437128
653417280
56314278
536417280
35614278
365417280
63514278
361524780
31625748
136524780
16325748
613524780
63125748
362175480
63271458
623175480
26371458
236175480
32671458
237641580
27346518
723641580
73246518
372641580
32746518
234756180
32457168
342756180
43257168
423756180
24357168
425317680
45213678
542317680
52413678
254317680
24513678
421563780
24165738
214563780
12465738
142563780
41265738
146275380
16472358
614275380
64172358
461275380
41672358
147625380
41726358
471625380
74126358
714625380
17426358
712465380
72164358
271465380
21764358
127465380
17264358
716234580
17632548
167234580
61732548
671234580
76132548
673152480
63751428
367152480
37651428
736152480
76351428
675341280
76543218
756341280
57643218
567341280
65743218
564723180
54627138
456723180
46527138
645723180
65427138
562417380
65214378
625417380
26514378
256417380
52614378
251634780
21536748
125634780
15236748
512634780
52136748
253176480
52371468
532176480
35271468
325176480
23571468
327541680
37245618
732541680
72345618
273541680
23745618
324765180
23467158
243765180
42367158
432765180
34267158
436217580
46312578
643217580
63412578
364217580
34612578
431652780
34156728
314652780
13456728
143652780
41356728
145376280
15473268
514376280
54173268
451376280
41573268
147536280
41735268
471536280
74135268
714536280
17435268
713456280
73154268
371456280
31754268
137456280
17354268
715346280
17543268
157346280
51743268
571346280
75143268
574136280
54731268
457136280
47531268
745136280
75431268
573421680
75324618
735421680
37524618
357421680
53724618
352764180
32567148
235764180
25367148
523764180
53267148
356217480
53612478
563217480
65312478
635217480
36512478
631542780
61345728
163542780
13645728
316542780
36145728
634175280
36471258
346175280
43671258
463175280
64371258
467315280
47613258
746315280
76413258
674315280
64713258
461735280
64137258
614735280
16437258
146735280
41637258
143627580
13426578
314627580
34126578
431627580
41326578
142356780
41253768
421356780
24153768
214356780
12453768
215473680
25174638
521473680
51274638
152473680
12574638
217564380
12765348
172564380
71265348
721564380
27165348
726135480
76231458
672135480
62731458
267135480
27631458
723615480
27316458
237615480
32716458
372615480
73216458
371265480
31762458
137265480
17362458
713265480
73162458
376142580
73641528
763142580
67341528
637142580
36741528
634751280
64357218
463751280
43657218
346751280
36457218
635427180
36524178
356427180
53624178
563427180
65324178
562314780
52613748
256314780
26513748
625314780
65213748
561273480
65172438
615273480
16572438
156273480
51672438
157642380
17546328
715642380
75146328
571642380
51746328
154736280
51437268
541736280
45137268
415736280
14537268
413527680
43125678
341527680
31425678
134527680
14325678
412365780
14263758
124365780
21463758
241365780
42163758
246173580
26471538
624173580
64271538
462173580
42671538
247613580
42716538
472613580
74216538
724613580
27416538
721463580
71264538
172463580
12764538
217463580
27164538
726154380
27651348
267154380
62751348
672154380
76251348
675231480
65732418
567231480
57632418
756231480
76532418
673521480
76325418
736521480
37625418
367521480
63725418
362751480
32657418
236751480
26357418
623751480
63257418
365247180
63542178
653247180
56342178
536247180
35642178
534612780
54316728
453612780
43516728
345612780
35416728
531476280
35174268
315476280
13574268
153476280
51374268
157324680
17523648
715324680
75123648
571324680
51723648
152763480
51267438
521763480
25167438
215763480
12567438
216547380
26145378
621547380
61245378
162547380
12645378
214635780
12436758
142635780
41236758
421635780
24136758
423176580
43271568
342176580
32471568
234176580
24371568
427316580
24713568
274316580
72413568
742316580
47213568
741236580
71432568
174236580
14732568
417236580
47132568
743126580
47321568
437126580
34721568
374126580
73421568
372416580
32714568
237416580
27314568
723416580
73214568
371254680
73152648
713254680
17352648
137254680
31752648
135762480
15367428
513762480
53167428
351762480
31567428
136547280
31645278
361547280
63145278
613547280
16345278
614325780
64123758
461325780
41623758
146325780
16423758
612473580
16274538
126473580
21674538
261473580
62174538
267143580
27641538
726143580
76241538
672143580
62741538
264713580
62417538
642713580
46217538
426713580
24617538
421657380
41256378
142657380
12456378
214657380
24156378
425136780
24531768
254136780
52431768
542136780
45231768
543271680
53472618
354271680
34572618
435271680
45372618
547362180
45763128
475362180
74563128
754362180
57463128
756413280
76514238
675413280
65714238
567413280
57614238
751643280
57146238
517643280
15746238
175643280
71546238
174563280
14765238
417563280
47165238
741563280
71465238
176425380
71624358
761425380
67124358
617425380
16724358
612734580
62137548
261734580
21637548
126734580
16237548
613257480
16352478
136257480
31652478
361257480
63152478
365142780
35641728
536142780
56341728
653142780
63541728
364571280
63475218
643571280
46375218
436571280
34675218
437625180
47326158
743625180
73426158
374625180
34726158
432716580
34217568
324716580
23417568
243716580
42317568
241357680
21453678
124357680
14253678
412357680
42153678
245163780
42561738
452163780
54261738
524163780
25461738
526471380
56274318
652471380
62574318
265471380
25674318
527641380
25746318
275641380
72546318
752641380
57246318
754261380
74562318
475261380
45762318
547261380
57462318
756432180
57634128
567432180
65734128
675432180
76534128
673514280
63715248
367514280
37615248
736514280
76315248
671354280
76153248
716354280
17653248
167354280
61753248
165734280
15637248
516734280
56137248
651734280
61537248
163527480
61325478
631527480
36125478
316527480
13625478
312645780
32146758
231645780
21346758
123645780
13246758
314276580
13472568
143276580
41372568
431276580
34172568
437152680
47351628
743152680
73451628
374152680
34751628
435761280
34567218
354761280
53467218
543761280
45367218
546327180
56423178
654327180
64523178
465327180
45623178
542613780
45216738
425613780
24516738
254613780
52416738
251476380
21574368
125476380
15274368
512476380
52174368
257146380
52741368
572146380
75241368
725146380
27541368
724516380
74215368
472516380
42715368
247516380
27415368
721456380
27154368
217456380
12754368
172456380
71254368
175246380
15742368
517246380
57142368
751246380
71542368
174532680
71435628
741532680
47135628
417532680
14735628
413765280
43167258
341765280
31467258
134765280
14367258
416327580
14623578
164327580
61423578
641327580
46123578
642153780
62451738
264153780
24651738
426153780
46251738
645271380
46572318
456271380
54672318
564271380
65472318
567421380
57624318
756421380
76524318
675421380
65724318
562741380
65247318
625741380
26547318
256741380
52647318
254637180
24536178
425637180
45236178
542637180
52436178
253416780
52314768
532416780
35214768
325416780
23514768
321547680
31245678
132547689

