1234567
2135476
2314567
3241657
3426175
4362715
4637251
6473521
6745312
7654132
7561423
5716243
5172634
1576243
1752634
7156243
7512634
5721364
5273146
2537416
2354761
3245671
3426517
4362157
4631275
6413725
6147352
1674532
1765423
7164532
7615423
6751243
6572134
5627314
5263741
2536471
2354617
3245167
3421576
4312756
4137265
1432756
1347265
3142756
3417265
4371625
4736152
7463512
7645321
6754231
6572413
5627143
5261734
2516374
2153647
1235467
1324576
3125467
3214576
2341756
2437165
4273615
4726351
7462531
7645213
6754123
6571432
5617342
5163724
1536274
1352647
3156274
3512647
5321467
5234176
2543716
2457361
4275631
4726513
7462153
7641235
6714325
6173452
1637542
1365724
3167542
3615724
6351274
6532147
5623417
5264371
2546731
2457613
4275163
4721536
7412356
7143265
1734625
1376452
3174625
3716452
7361542
7635124
6753214
6572341
5627431
5264713
2546173
2451637
4215367
4123576
1425367
1243576
2145367
2413576
4231756
4327165
3472615
3746251
7364521
7635412
6753142
6571324
5617234
5162743
1526473
1254637
2156473
2514637
5241367
5423176
4532716
4357261
3475621
3746512
7364152
7631425
6713245
6172354
1627534
1265743
2167534
2615743
6251473
6524137
5642317
5463271
4536721
4357612
3475162
3741526
7314256
7132465
1723645
1276354
2173645
2716354
7261534
7625143
6752413
6574231
5647321
5463712
4536172
4351627
3415267
3142576
1324756
1237465
2134756
2317465
3271645
3726154
7362514
7635241
6753421
6574312
5647132
5461723
4516273
4152637
1456273
1542637
5146273
5412637
4521367
4253176
2435716
2347561
3274651
3726415
7362145
7631254
6713524
6175342
1673524
1765342
7163524
7615342
6751432
6574123
5647213
5462731
4526371
4253617
2435167
2341576
3214756
3127465
1372645
1736254
7132645
7316254
3761524
3675142
6357412
6534721
5643271
5462317
4526137
4251673
2415763
2147536
1274356
1723465
7124356
7213465
2731645
2376154
3267514
3625741
6352471
6534217
5643127
5461372
4516732
4157623
1475263
1742536
7145263
7412536
4721356
4273165
2437615
2346751
3264571
3625417
6352147
6531274
5613724
5167342
1576432
1754623
7156432
7514623
5741263
5472136
4527316
4253761
2435671
2346517
3264157
3621475
6312745
6137254
1632745
1367254
3162745
3617254
6371524
6735142
7653412
7564321
5746231
5472613
4527163
4251736
2415376
2143567
1234657
1326475
3124657
3216475
2361745
2637154
6273514
6725341
7652431
7564213
5746123
5471632
4517362
4153726
1457362
1543726
5147362
5413726
4531276
4352167
3425617
3246571
2364751
2637415
6273145
6721354
7612534
7165243
1756423
1574632
5176423
5714632
7541362
7453126
4735216
4372561
3427651
3246715
2364175
2631457
6213547
6125374
1652734
1567243
5162734
5617243
6571423
6754132
7645312
7463521
4736251
4372615
3427165
3241756
2314576
2135467
1253647
1526374
5123647
5216374
2561734
2657143
6275413
6724531
7642351
7463215
4736125
4371652
3417562
3145726
1354276
1532467
5134276
5312467
3521647
3256174
2365714
2637541
6273451
6724315
7642135
7461253
4716523
4175632
1476523
1745632
7146523
7415632
4751362
4573126
5437216
5342761
3524671
3256417
2365147
2631574
6213754
6127345
1672435
1764253
7162435
7614253
6741523
6475132
4657312
4563721
5436271
5342617
3524167
3251476
2315746
2137564
1273654
1726345
7123654
7216345
2761435
2674153
6247513
6425731
4652371
4563217
5436127
5341672
3514762
3157426
1375246
1732564
7135246
7312564
3721654
3276145
2367415
2634751
6243571
6425317
4652137
4561273
5416723
5147632
1574362
1753426
7154362
7513426
5731246
5372164
3527614
3256741
2365471
2634517
6243157
6421375
4612735
4167253
1462735
1647253
6142735
6417253
4671523
4765132
7456312
7543621
5734261
5372416
3527146
3251764
2315674
2136547
1263457
1624375
6123457
6214375
2641735
2467153
4276513
4725631
7452361
7543216
5734126
5371462
3517642
3156724
1365274
1632547
6135274
6312547
3621457
3264175
2346715
2437651
4273561
4725316
7452136
7541263
5714623
5176432
1567342
1653724
6157342
6513724
5631274
5362147
3526417
3254671
2345761
2437516
4273156
4721365
7412635
7146253
1764523
1675432
6174523
6715432
7651342
7563124
5736214
5372641
3527461
3254716
2345176
2431567
4213657
4126375
1423657
1246375
2143657
2416375
4261735
4627153
6472513
6745231
7654321
7563412
5736142
5371624
3517264
3152746
1357264
1532746
5137264
5312746
3521476
3254167
2345617
2436571
4263751
4627315
6472135
6741253
7614523
7165432
1756342
1573624
5176342
5713624
7531264
7352146
3725416
3274561
2347651
2436715
4263175
4621357
6412537
6145273
1642537
1465273
4162537
4615273
6451723
6547132
5674312
5763421
7536241
7352614
3725164
3271546
2317456
2134765
1243675
1426357
4123675
4216357
2461537
2645173
6254713
6527431
5672341
5763214
7536124
7351642
3715462
3174526
1347256
1432765
4137256
4312765
3421675
3246157
2364517
2635471
6253741
6527314
5672134
5761243
7516423
7154632
1745362
1473526
4175362
4713526
7431256
7342165
3724615
3276451
2367541
2635714
6253174
6521347
5612437
5164273
1546723
1457632
4156723
4517632
5471362
5743126
7534216
7352461
3725641
3276514
2367154
2631745
6213475
6124357
1623475
1264357
2163475
2614357
6241537
6425173
4652713
4567231
5476321
5743612
7534162
7351426
3715246
3172564
1327654
1236745
2137654
2316745
3261475
3624157
6342517
6435271
4653721
4567312
5476132
5741623
7514263
7152436
1725346
1273564
2175346
2713564
7231654
7326145
3762415
3674251
6347521
6435712
4653172
4561327
5416237
5142673
1524763
1257436
2154763
2517436
5271346
5723164
7532614
7356241
3765421
3674512
6347152
6431725
4613275
4162357
1426537
1245673
2146537
2415673
4251763
4527136
5472316
5743261
7534621
7356412
3765142
3671524
6317254
6132745
1637254
1362745
3167254
3612745
6321475
6234157
2643517
2465371
4256731
4527613
5472163
5741236
7514326
7153462
1754326
1573462
5174326
5713462
7531642
7356124
3765214
3672541
6327451
6234715
2643175
2461357
4216537
4125673
1452763
1547236
5142763
5417236
4571326
4753162
7435612
7346521
3764251
3672415
6327145
6231754
2613574
2165347
1256437
1524673
5126437
5214673
2541763
2457136
4275316
4723561
7432651
7346215
3764125
3671452
6317542
6135724
1653274
1562347
5163274
5612347
6521437
6254173
2645713
2467531
4276351
4723615
7432165
7341256
3714526
3175462
1357642
1536724
5137642
5316724
3561274
3652147
6325417
6234571
2643751
2467315
4276135
4721653
7412563
7145236
1742563
1475236
4172563
4715236
7451326
7543162
5734612
5376421
3567241
3652714
6325174
6231547
2613457
2164375
1246735
1427653
4126735
4217653
2471563
2745136
7254316
7523461
5732641
5376214
3567124
3651742
6315472
6134527
1635472
1364527
3165472
3614527
6341257
6432175
4623715
4267351
2476531
2745613
7254163
7521436
5712346
5173264
1537624
1356742
3157624
3516742
5361472
5634127
6543217
6452371
4625731
4267513
2476153
2741635
7214365
7123456
1732546
1375264
3172546
3715264
7351624
7536142
5763412
5674321
6547231
6452713
4625173
4261537
2416357
2143675
1234765
1327456
3124765
3217456
2371546
2735164
7253614
7526341
5762431
5674213
6547123
6451732
4615372
4163527
1436257
1342675
3146257
3412675
4321765
4237156
2473516
2745361
7254631
7526413
5762143
5671234
6517324
6153742
1657324
1563742
5167324
5613742
6531472
6354127
3645217
3462571
4326751
4237615
2473165
2741356
7214536
7125463
1752643
1576234
5172643
5716234
7561324
7653142
6735412
6374521
3647251
3462715
4326175
4231657
2413567
2145376
1254736
1527463
5124736
5217463
2571643
2756134
7265314
7623541
6732451
6374215
3647125
3461752
4316572
4135627
1453267
1542376
5143267
5412376
4521736
4257163
2475613
2746531
7264351
7623415
6732145
6371254
3617524
3165742
1356472
1534627
5136472
5314627
3541267
3452176
4325716
4237561
2473651
2746315
7264135
7621453
6712543
6175234
1672543
1765234
7162543
7615234
6751324
6573142
5637412
5364721
3546271
3452617
4325167
4231576
2413756
2147365
1274635
1726453
7124635
7216453
2761543
2675134
6257314
6523741
5632471
5364217
3546127
3451672
4315762
4137526
1473256
1742365
7143256
7412365
4721635
4276153
2467513
2645731
6254371
6523417
5632147
5361274
3516724
3157642
1375462
1734526
7135462
7314526
3741256
3472165
4327615
4236751
2463571
2645317
6254137
6521473
5612743
5167234
1576324
1753642
7156324
7513642
5731462
5374126
3547216
3452761
4325671
4236517
2463157
2641375
6214735
6127453
1624735
1267453
2164735
2617453
6271543
6725134
7652314
7563241
5736421
5374612
3547162
3451726
4315276
4132567
1435276
1342567
3145276
3412567
4321657
4236175
2463715
2647351
6274531
6725413
7652143
7561234
5716324
5173642
1537462
1354726
3157462
3514726
5341276
5432167
4523617
4256371
2465731
2647513
6274153
6721435
7612345
7163254
1762345
1673254
6172345
6713254
7631524
7365142
3756412
3574621
5347261
5432716
4523176
4251367
2415637
2146573
1264753
1627435
6124753
6217435
2671345
2763154
7236514
7325641
3752461
3574216
5347126
5431762
4513672
4156327
1465237
1642573
6145237
6412573
4621753
4267135
2476315
2743651
7234561
7325416
3752146
3571264
5317624
5136742
1563472
1654327
6153472
6514327
5641237
5462173
4526713
4257631
2475361
2743516
7234156
7321465
3712645
3176254
1367524
1635742
6137524
6315742
3651472
3564127
5346217
5432671
4523761
4257316
2475136
2741563
7214653
7126435
1724653
1276435
2174653
2716435
7261345
7623154
6732514
6375241
3657421
3564712
5346172
5431627
4513267
4152376
1425736
1247563
2145736
2417563
4271653
4726135
7462315
7643251
6734521
6375412
3657142
3561724
5316274
5132647
1523467
1254376
2153467
2514376
5241736
5427163
4572613
4756231
7465321
7643512
6734152
6371425
3617245
3162754
1326574
1235647
2136574
2315647
3251467
3524176
5342716
5437261
4573621
4756312
7465132
7641523
6714253
6172435
1627345
1263754
2167345
2613754
6231574
6325147
3652417
3564271
5346721
5437612
4573162
4751326
7415236
7142563
1745236
1472563
4175236
4712563
7421653
7246135
2764315
2673451
6237541
6325714
3652174
3561247
5316427
5134672
1536427
1354672
3156427
3514672
5341762
5437126
4573216
4752361
7425631
7246513
2764153
2671435
6217345
6123754
1632574
1365247
3162574
3615247
6351427
6534172
5643712
5467321
4576231
4752613
7425163
7241536
2714356
2173465
1237645
1326754
3127645
3216754
2361574
2635147
6253417
6524371
5642731
5467213
4576123
4751632
7415362
7143526
1734256
1372465
3174256
3712465
7321645
7236154
2763514
2675341
6257431
6524713
5642173
5461237
4516327
4153672
1435762
1347526
3145762
3417526
4371256
4732165
7423615
7246351
2764531
2675413
6257143
6521734
5612374
5163247
1562374
1653247
6152374
6513247
5631427
5364172
3546712
3457621
4375261
4732516
7423156
7241365
2714635
2176453
1267543
1625734
6127543
6215734
2651374
2563147
5236417
5324671
3542761
3457216
4375126
4731562
7413652
7146325
1743652
1476325
4173652
4716325
7461235
7642153
6724513
6275431
2657341
2563714
5236174
5321647
3512467
3154276
1345726
1437562
4135726
4317562
3471652
3746125
7364215
7632451
6723541
6275314
2657134
2561743
5216473
5124637
1542367
1453276
4152367
4513276
5431726
5347162
3574612
3756421
7365241
7632514
6723154
6271345
2617435
2164753
1246573
1425637
4126573
4215637
2451367
2543176
5234716
5327461
3572641
3756214
7365124
7631542
6713452
6174325
1647235
1462753
4167235
4612753
6421573
6245137
2654317
2563471
5236741
5327614
3572164
3751246
7315426
7134562
1735426
1374562
3175426
3714562
7341652
7436125
4763215
4672351
6427531
6245713
2654173
2561437
5216347
5123674
1532764
1357246
3152764
3517246
5371426
5734162
7543612
7456321
4765231
4672513
6427153
6241735
2614375
2163457
1236547
1325674
3126547
3215674
2351764
2537146
5273416
5724361
7542631
7456213
4765123
4671532
6417352
6143725
1634275
1362457
3164275
3612457
6321547
6235174
2653714
2567341
5276431
5724613
7542163
7451236
4715326
4173562
1437652
1346725
3147652
3416725
4361275
4632157
6423517
6245371
2654731
2567413
5276143
5721634
7512364
7153246
1752364
1573246
5172364
5713246
7531426
7354162
3745612
3476521
4367251
4632715
6423175
6241357
2614537
2165473
1256743
1527634
5126743
5217634
2571364
2753146
7235416
7324561
3742651
3476215
4367125
4631752
6413572
6145327
1654237
1562473
5164237
5612473
6521743
6257134
2675314
2763541
7236451
7324615
3742165
3471256
4317526
4135762
1453672
1546327
5143672
5416327
4561237
4652173
6425713
6247531
2674351
2763415
7236145
7321654
3712564
3175246
1357426
1534762
5137426
5314762
3541672
3456127
4365217
4632571
6423751
6247315
2674135
2761453
7216543
7125634
1726543
1275634
2176543
2715634
7251364
7523146
5732416
5374261
3547621
3456712
4365172
4631527
6413257
6142375
1643257
1462375
4163257
4612375
6421735
6247153
2674513
2765431
7256341
7523614
5732164
5371246
3517426
3154762
1345672
1436527
4135672
4316527
3461257
3642175
6324715
6237451
2673541
2765314
7256134
7521643
5712463
5174236
1572463
1754236
7152463
7514236
5741326
5473162
4537612
4356721
3465271
3642517
6324157
6231475
2613745
2167354
1276534
1725643
7126534
7215643
2751463
2574136
5247316
5423761
4532671
4356217
3465127
3641572
6314752
6137425
1673245
1762354
7163245
7612354
6721534
6275143
2657413
2564731
5246371
5423617
4532167
4351276
3415726
3147562
1374652
1736425
7134652
7316425
3761245
3672154
6327514
6235741
2653471
2564317
5246137
5421673
4512763
4157236
1475326
1743562
7145326
7413562
4731652
4376125
3467215
3642751
6324571
6235417
2653147
2561374
5216734
5127643
1526734
1257643
2156734
2517643
5271463
5724136
7542316
7453261
4735621
4376512
3467152
3641725
6314275
6132457
1623547
1265374
2163547
2615374
6251734
6527143
5672413
5764231
7546321
7453612
4735162
4371526
3417256
3142765
1324675
1236457
2134675
2316457
3261547
3625174
6352714
6537241
5673421
5764312
7546132
7451623
4715263
4172536
1427356
1243765
2147356
2413765
4231675
4326157
3462517
3645271
6354721
6537412
5673142
5761324
7516234
7152643
1725463
1274536
2175463
2714536
7241356
7423165
4732615
4376251
3467521
3645712
6354172
6531427
5613247
5162374
1563247
1652374
6153247
6512374
5621734
5267143
2576413
2754631
7245361
7423516
4732156
4371265
3417625
3146752
1347625
1436752
4137625
4316752
3461572
3645127
6354217
6532471
5623741
5267314
2576134
2751643
7215463
7124536
1742356
1473265
4172356
4713265
7431625
7346152
3764512
3675421
6357241
6532714
5623174
5261347
2516437
2154673
1245763
1427536
4125763
4217536
2471356
2743165
7234615
7326451
3762541
3675214
6357124
6531742
5613472
5164327
1546237
1452673
4156237
4512673
5421763
5247136
2574316
2753461
7235641
7326514
3762154
3671245
6317425
6134752
1643572
1465327
4163572
4615327
6451237
6542173
5624713
5267431
2576341
2753614
7235164
7321546
3712456
3174265
1372456
1734265
7132456
7314265
3741625
3476152
4367512
4635721
6453271
6542317
5624137
5261473
2516743
2157634
1275364
1723546
7125364
7213546
2731456
2374165
3247615
3426751
4362571
4635217
6453127
6541372
5614732
5167423
1564732
1657423
6154732
6517423
5671243
5762134
7526314
7253641
2735461
2374516
3247156
3421765
4312675
4136257
1463527
1645372
6143527
6415372
4651732
4567123
5476213
5742631
7524361
7253416
2735146
2371564
3217654
3126745
1362475
1634257
6132475
6314257
3641527
3465172
4356712
4537621
5473261
5742316
7524136
7251463
2715643
2176534
1267354
1623745
6127354
6213745
2631475
2364157
3246517
3425671
4352761
4537216
5473126
5741362
7514632
7156423
1765243
1672534
6175243
6712534
7621354
7263145
2736415
2374651
3247561
3425716
4352176
4531267
5413627
5146372
1543627
1456372
4153627
4516372
5461732
5647123
6574213
6752431
7625341
7263514
2736154
2371645
3217465
3124756
1342576
1435267
4132576
4315267
3451627
3546172
5364712
5637421
6573241
6752314
7625134
7261543
2716453
2174635
1247365
1423756
4127365
4213756
2431576
2345167
3254617
3526471
5362741
5637214
6573124
6751342
7615432
7164523
1746253
1472635
4176253
4712635
7421365
7243156
2734516
2375461
3257641
3526714
5362174
5631247
6513427
6154372
1645732
1467523
4165732
4617523
6471253
6742135
7624315
7263451
2736541
2375614
3257164
3521746
5312476
5134267
1532476
1354267
3152476
3514267
5341627
5436172
4563712
4657321
6475231
6742513
7624153
7261435
2716345
2173654
1237564
1325746
3127564
3215746
2351476
2534167
5243617
5426371
4562731
4657213
6475123
6741532
7614352
7163425
1736245
1372654
3176245
3712654
7321564
7235146
2753416
2574361
5247631
5426713
4562173
4651237
6415327
6143572
1634752
1367425
3164752
3617425
6371245
6732154
7623514
7265341
2756431
2574613
5247163
5421736
4512376
4153267
1435627
1346572
3145627
3416572
4361752
4637125
6473215
6742351
7624531
7265413
2756143
2571634
5217364
5123746
1527364
1253746
2157364
2513746
5231476
5324167
3542617
3456271
4365721
4637512
6473152
6741325
7614235
7162453
1764235
1672453
6174235
6712453
7621543
7265134
2756314
2573641
5237461
5324716
3542176
3451267
4315627
4136572
1463752
1647325
6143752
6417325
4671235
4762153
7426513
7245631
2754361
2573416
5237146
5321764
3512674
3156247
1352674
1536247
5132674
5316247
3561427
3654172
6345712
6437521
4673251
4762315
7426135
7241653
2714563
2175436
1257346
1523764
5127346
5213764
2531674
2356147
3265417
3624571
6342751
6437215
4673125
4761352
7416532
7145623
1754263
1572436
5174263
5712436
7521346
7253164
2735614
2376541
3267451
3624715
6342175
6431257
4613527
4165372
1456732
1547623
5146732
5417623
4571263
4752136
7425316
7243561
2734651
2376415
3267145
3621754
6312574
6135247
1653427
1564372
5163427
5614372
6541732
6457123
4675213
4762531
7426351
7243615
2734165
2371456
3217546
3125764
1327546
1235764
2137546
2315764
3251674
3526147
5362417
5634271
6543721
6457312
4675132
4761523
7416253
7142635
1724365
1273456
2174365
2713456
7231546
7325164
3752614
3576241
5367421
5634712
6543172
6451327
4615237
4162573
1426753
1247635
2146753
2417635
4271365
4723156
7432516
7345261
3754621
3576412
5367142
5631724
6513274
6152347
1625437
1264573
2165437
2614573
6241753
6427135
4672315
4763251
7436521
7345612
3754162
3571426
5317246
5132764
1523674
1256347
2153674
2516347
5261437
5624173
6542713
6457231
4675321
4763512
7436152
7341625
3714265
3172456
1374265
1732456
7134265
7312456
3721546
3275164
2357614
2536741
5263471
5624317
6542137
6451273
4615723
4167532
1465723
1647532
6145723
6417532
4671352
4763125
7436215
7342651
3724561
3275416
2357146
2531764
5213674
5126347
1562437
1654273
6152437
6514273
5641723
5467132
4576312
4753621
7435261
7342516
3724156
3271465
2317645
2136754
1263574
1625347
6123574
6215347
2651437
2564173
5246713
5427631
4572361
4753216
7435126
7341562
3714652
3176425
1367245
1632754
6137245
6312754
3621574
3265147
2356417
2534671
5243761
5427316
4572136
4751263
7415623
7146532
1764352
1673425
6174352
6713425
7631245
7362154
3726514
3275641
2357461
2534716
5243176
5421367
4512637
4156273
1452637
1546273
5142637
5416273
4561723
4657132
6475312
6743521
7634251
7362415
3726145
3271654
2317564
2135746
1253476
1524367
5123476
5214367
2541637
2456173
4265713
4627531
6472351
6743215
7634125
7361452
3716542
3175624
1376542
1735624
7136542
7315624
3751264
3572146
5327416
5234761
2543671
2456317
4265137
4621573
6412753
6147235
1674325
1763452
7164325
7613452
6731542
6375124
3657214
3562741
5326471
5234617
2543167
2451376
4215736
4127563
1472653
1746235
7142653
7416235
4761325
4673152
6437512
6345721
3654271
3562417
5326147
5231674
2513764
2157346
1275436
1724563
7125436
7214563
2741653
2476135
4267315
4623751
6432571
6345217
3654127
3561472
5316742
5137624
1573264
1752346
7153264
7512346
5721436
5274163
2547613
2456731
4265371
4623517
6432157
6341275
3614725
3167452
1364725
1637452
6134725
6317452
3671542
3765124
7356214
7532641
5723461
5274316
2547136
2451763
4215673
4126537
1462357
1643275
6142357
6413275
4631725
4367152
3476512
3745621
7354261
7532416
5723146
5271364
2517634
2156743
1265473
1624537
6125473
6214537
2641357
2463175
4236715
4327651
3472561
3745216
7354126
7531462
5713642
5176324
1567234
1652743
6157234
6512743
5621473
5264137
2546317
2453671
4235761
4327516
3472156
3741265
7314625
7136452
1763542
1675324
6173542
6715324
7651234
7562143
5726413
5274631
2547361
2453716
4235176
4321567
3412657
3146275
1342657
1436275
4132657
4316275
3461725
3647152
6374512
6735421
7653241
7562314
5726134
5271643
2517463
2154736
1245376
1423567
4125376
4213567
2431657
2346175
3264715
3627451
6372541
6735214
7653124
7561342
5716432
5174623
1547263
1452736
4157263
4512736
5421376
5243167
2534617
2356471
3265741
3627514
6372154
6731245
7613425
7164352
1746532
1475623
4176532
4715623
7451263
7542136
5724316
5273461
2537641
2356714
3265174
3621547
6312457
6134275
1643725
1467352
4163725
4617352
6471532
6745123
7654213
7562431
5726341
5273614
2537164
2351746
3215476
3124567
1325476
1235476
2134567
2315476
3251746
3527164
5372614
5736241
7563421
7654312
6745132
6471523
4617253
4162735
1467253
1642735
6147253
6412735
4621375
4263157
2436517
2345671
3254761
3527416
5372146
5731264
7513624
7156342
1765432
1674523
6175432
6714523
7641253
7462135
4726315
4273651
2437561
2345716
3254176
3521467
5312647
5136274
1563724
1657342
6153724
6517342
5671432
5764123
7546213
7452631
4725361
4273516
2437156
2341765
3214675
3126457
1362547
1635274
6132547
6315274
3651724
3567142
5376412
5734621
7543261
7452316
4725136
4271563
2417653
2146735
1264375
1623457
6124375
6213457
2631547
2365174
3256714
3527641
5372461
5734216
7543126
7451362
4715632
4176523
1475632
1746523
7145632
7416523
4761253
4672135
6427315
6243751
2634571
2365417
3256147
3521674
5312764
5137246
1573426
1754362
7153426
7514362
5741632
5476123
4567213
4652731
6425371
6243517
2634157
2361475
3216745
3127654
1372564
1735246
7132564
7315246
3751426
3574162
5347612
5436721
4563271
4652317
6425137
6241573
2614753
2167435
1276345
1723654
7126345
7213654
2731564
2375146
3257416
3524761
5342671
5436217
4563127
4651372
6415732
6147523
1674253
1762435
7164253
7612435
6721345
6273154
2637514
2365741
3256471
3524617
5342167
5431276
4513726
4157362
1453726
1547362
5143726
5417362
4571632
4756123
7465213
7642531
6724351
6273415
2637145
2361754
3216574
3125647
1352467
1534276
5132467
5314276
3541726
3457162
4375612
4736521
7463251
7642315
6724135
6271453
2617543
2165734
1256374
1523647
5126374
5213647
2531467
2354176
3245716
3427561
4372651
4736215
7463125
7641352
6714532
6175423
1657243
1562734
5167243
5612734
6521374
6253147
2635417
2364571
3246751
3427615
4372165
4731256
7413526
7145362
1754632
1576423
5174632
5716423
7561243
7652134
6725314
6273541
2637451
2364715
3246175
3421657
4312567
4135276
1432567
1345276
3142567
3415276
4351726
4537162
5473612
5746321
7564231
7652413
6725143
6271534
2617354
2163745
1236475
1324657
3126475
3214657
2341567
2435176
4253716
4527361
5472631
5746213
7564123
7651432
6715342
6173524
1675342
1763524
7165342
7613524
6731254
6372145
3627415
3264751
2346571
2435617
4253167
4521376
5412736
5147263
1574623
1756432
7154623
7516432
5761342
5673124
6537214
6352741
3625471
3264517
2346157
2431675
4213765
4127356
1472536
1745263
7142536
7415263
4751623
4576132
5467312
5643721
6534271
6352417
3625147
3261574
2316754
2137645
1273465
1724356
7123465
7214356
2741536
2475163
4257613
4526731
5462371
5643217
6534127
6351472
3615742
3167524
1376254
1732645
7136254
7312645
3721465
3274156
2347516
2435761
4253671
4526317
5462137
5641273
6514723
6157432
1654723
1567432
5164723
5617432
6571342
6753124
7635214
7362541
3726451
3274615
2347165
2431756
4213576
4125367
1423576
1245367
2143576
2415367
4251637
4526173
5462713
5647231
6574321
6753412
7635142
7361524
3716254
3172645
1327465
1234756
2137465
2314756
3241576
3425167
4352617
4536271
5463721
5647312
6574132
6751423
7615243
7162534
1726354
1273645
2176354
2713645
7231465
7324156
3742516
3475261
4357621
4536712
5463172
5641327
6514237
6152473
1625743
1267534
2165743
2617534
6271354
6723145
7632415
7364251
3746521
3475612
4357162
4531726
5413276
5142367
1524637
1256473
2154637
2516473
5261743
5627134
6572314
6753241
7635421
7364512
3746152
3471625
4317265
4132756
1437265
1342756
3147265
3412756
4321576
4235167
2453617
2546371
5264731
5627413
6572143
6751234
7615324
7163542
1736452
1374625
3176452
3714625
7341265
7432156
4723516
4275361
2457631
2546713
5264173
5621437
6512347
6153274
1635724
1367542
3165724
3617542
6371452
6734125
7643215
7462351
4726531
4275613
2457163
2541736
5214376
5123467
1532647
1356274
3152647
3516274
5361724
5637142
6573412
6754321
7645231
7462513
4726153
4271635
2417365
2143756
1234576
1325467
3124576
3215467
2351647
2536174
5263714
5627341
6572431
6754213
7645123
7461532
4716352
4173625
1476352
1743625
7146352
7413625
4731265
4372156
3427516
3245761
2354671
2536417
5263147
5621374
6512734
6157243
1675423
1764532
7165423
7614532
6741352
6473125
4637215
4362751
3426571
3245617
2354167
2531476
5213746
5127364
1523746
1257364
2153746
2517364
5271634
5726143
7562413
7654231
6745321
6473512
4637152
4361725
3416275
3142657
1346275
1432657
4136275
4312657
3421567
3245176
2354716
2537461
5273641
5726314
7562134
7651243
6715423
6174532
1647352
1463725
4167352
4613725
6431275
6342157
3624517
3265471
2356741
2537614
5273164
5721346
7512436
7154263
1745623
1476532
4175623
4716532
7461352
7643125
6734215
6372451
3627541
3265714
2356174
2531647
5213467
5124376
1542736
1457263
4152736
4517263
5471623
5746132
7564312
7653421
6735241
6372514
3627154
3261745
2316475
2134657
1243567
1425376
4123567
4215376
2451736
2547163
5274613
5726431
7562341
7653214
6735124
6371542
3617452
3164725
1367452
1634725
6137452
6314725
3641275
3462157
4326517
4235671
2453761
2547316
5274136
5721463
7512643
7156234
1765324
1673542
6175324
6713542
7631452
7364125
3746215
3472651
4327561
4235716
2453176
2541367
5214637
5126473
1562743
1657234
6152743
6517234
5671324
5763142
7536412
7354621
3745261
3472516
4327156
4231765
2413675
2146357
1264537
1625473
6124537
6215473
2651743
2567134
5276314
5723641
7532461
7354216
3745126
3471562
4317652
4136725
1463275
1642357
6143275
6412357
4621537
4265173
2456713
2547631
5274361
5723416
7532146
7351264
3715624
3176542
1375624
1736542
7135624
7316542
3761452
3674125
6347215
6432751
4623571
4265317
2456137
2541673
5214763
5127436
1572346
1753264
7152346
7513264
5731624
5376142
3567412
3654721
6345271
6432517
4623157
4261375
2416735
2147653
1274563
1725436
7124563
7215436
2751346
2573164
5237614
5326741
3562471
3654217
6345127
6431572
4613752
4167325
1476235
1742653
7146235
7412653
4721563
4275136
2457316
2543761
5234671
5326417
3562147
3651274
6315724
6137542
1673452
1764325
7163452
7614325
6741235
6472153
4627513
4265731
2456371
2543617
5234167
5321476
3512746
3157264
1352746
1537264
5132746
5317264
3571624
3756142
7365412
7634521
6743251
6472315
4627135
4261753
2416573
2145637
1254367
1523476
5124367
5213476
2531746
2357164
3275614
3726541
7362451
7634215
6743125
6471352
4617532
4165723
1467532
1645723
6147532
6415723
4651273
4562137
5426317
5243671
2534761
2357416
3275146
3721564
7312654
7136245
1763425
1674352
6173425
6714352
7641532
7465123
4756213
4572631
5427361
5243716
2534176
2351467
3215647
3126574
1362754
1637245
6132754
6317245
3671425
3764152
7346512
7435621
4753261
4572316
5427136
5241763
2514673
2156437
1265347
1623574
6125347
6213574
2631754
2367145
3276415
3724651
7342561
7435216
4753126
4571362
5417632
5146723
1564273
1652437
6154273
6512437
5621347
5263174
2536714
2357641
3275461
3724516
7342156
7431265
4713625
4176352
1473625
1746352
7143625
7416352
4761532
4675123
6457213
6542731
5624371
5263417
2536147
2351674
3215764
3127546
1325764
1237546
2135764
2317546
3271456
3724165
7342615
7436251
4763521
4675312
6457132
6541723
5614273
5162437
1526347
1253674
2156347
2513674
5231764
5327146
3572416
3754261
7345621
7436512
4763152
4671325
6417235
6142753
1624573
1265437
2164573
2615437
6251347
6523174
5632714
5367241
3576421
3754612
7345162
7431526
4713256
4172365
1427635
1246753
2147635
2416753
4261573
4625137
6452317
6543271
5634721
5367412
3576142
3751624
7315264
7132546
1723456
1274365
2173456
2714365
7241635
7426153
4762513
4675231
6457321
6543712
5634172
5361427
3516247
3152674
1356247
1532674
5136247
5312674
3521764
3257146
2375416
2734561
7243651
7426315
4762135
4671253
6417523
6145732
1654372
1563427
5164372
5613427
6531247
6352174
3625714
3267541
2376451
2734615
7243165
7421356
4712536
4175263
1457623
1546732
5147623
5416732
4561372
4653127
6435217
6342571
3624751
3267415
2376145
2731654
7213564
7125346
1752436
1574263
5172436
5714263
7541623
7456132
4765312
4673521
6437251
6342715
3624175
3261457
2316547
2135674
1253764
1527346
5123764
5217346
2571436
2754163
7245613
7426531
4762351
4673215
6437125
6341752
3614572
3165427
1364572
1635427
6134572
6315427
3651247
3562174
5326714
5237641
2573461
2754316
7245136
7421563
4712653
4176235
1467325
1643752
6147325
6413752
4631572
4365127
3456217
3542671
5324761
5237416
2573146
2751364
7215634
7126543
1725634
1276543
2175634
2716543
7261453
7624135
6742315
6473251
4637521
4365712
3456172
3541627
5314267
5132476
1534267
1352476
3154267
3512476
5321746
5237164
2573614
2756341
7265431
7624513
6742153
6471235
4617325
4163752
1436572
1345627
3146572
3415627
4351267
4532176
5423716
5247361
2574631
2756413
7265143
7621534
6712354
6173245
1637425
1364752
3167425
3614752
6341572
6435127
4653217
4562371
5426731
5247613
2574163
2751436
7215346
7123564
1732654
1376245
3172654
3716245
7361425
7634152
6743512
6475321
4657231
4562713
5426173
5241637
2514367
2153476
1235746
1327564
3125746
3217564
2371654
2736145
7263415
7624351
6742531
6475213
4657123
4561732
5416372
5143627
1546372
1453627
4156372
4513627
5431267
5342176
3524716
3257461
2375641
2736514
7263154
7621345
6712435
6174253
1647523
1465732
4167523
4615732
6451372
6543127
5634217
5362471
3526741
3257614
2375164
2731546
7213456
7124365
1742635
1476253
4172635
4716253
7461523
7645132
6754312
6573421
5637241
5362714
3526174
3251647
2315467
2134576
1243756
1427365
4123756
4217365
2471635
2746153
7264513
7625431
6752341
6573214
5637124
5361742
3516472
3154627
1345267
1432576
4135267
4312576
3421756
3247165
2374615
2736451
7263541
7625314
6752134
6571243
5617423
5164732
1567423
1654732
6157423
6514732
5641372
5463127
4536217
4352671
3425761
3247516
2374156
2731465
7213645
7126354
1762534
1675243
6172534
6715243
7651423
7564132
5746312
5473621
4537261
4352716
3425176
3241567
2314657
2136475
1263745
1627354
6123745
6217354
2671534
2765143
7256413
7524631
5742361
5473216
4537126
4351762
3415672
3146527
1364257
1632475
6134257
6312475
3621745
3267154
2376514
2735641
7253461
7524316
5742136
5471263
4517623
4156732
1465372
1643527
6145372
6413527
4631257
4362175
3426715
3247651
2374561
2735416
7253146
7521364
5712634
5176243
1572634
1756243
7152634
7516243
5761423
5674132
6547312
6453721
4635271
4362517
3426157
3241675
2314765
2137456
1273546
1725364
7123546
7215364
2751634
2576143
5267413
5624731
6542371
6453217
4635127
4361572
3416752
3147625
1346752
1437625
4136752
4317625
3471265
3742156
7324516
7235461
2753641
2576314
5267134
5621743
6512473
6154237
1645327
1463572
4165327
4613572
6431752
6347125
3674215
3762451
7326541
7235614
2753164
2571346
5217436
5124763
1542673
1456237
4152673
4516237
5461327
5643172
6534712
6357421
3675241
3762514
7326154
7231645
2713465
2174356
1247536
1425763
4127536
4215763
2451673
2546137
5264317
5623471
6532741
6357214
3675124
3761542
7316452
7134625
1743265
1472356
4173265
4712356
7421536
7245163
2754613
2576431
5267341
5623714
6532174
6351247
3615427
3164572
1365427
1634572
6135427
6314572
3641752
3467125
4376215
4732651
7423561
7245316
2754136
2571463
5217643
5126734
1527643
1256734
2157643
2516734
5261374
5623147
6532417
6354271
3645721
3467512
4376152
4731625
7413265
7142356
1724536
1275463
2174536
2715463
7251643
7526134
5762314
5673241
6537421
6354712
3645172
3461527
4316257
4132675
1423765
1247356
2143765
2417356
4271536
4725163
7452613
7546231
5764321
5673412
6537142
6351724
3615274
3162547
1326457
1234675
2136457
2314675
3241765
3427156
4372516
4735261
7453621
7546312
5764132
5671423
6517243
6152734
1625374
1263547
2165374
2613547
6231457
6324175
3642715
3467251
4376521
4735612
7453162
7541326
5714236
5172463
1574236
1752463
7154236
7512463
5721643
5276134
2567314
2653741
6235471
6324517
3642157
3461275
4316725
4137652
1473562
1745326
7143562
7415326
4751236
4572163
5427613
5246731
2564371
2653417
6235147
6321574
3612754
3167245
1376425
1734652
7136425
7314652
3741562
3475126
4357216
4532761
5423671
5246317
2564137
2651473
6215743
6127534
1672354
1763245
7162354
7613245
6731425
6374152
3647512
3465721
4356271
4532617
5423167
5241376
2514736
2157463
1275643
1726534
7125643
7216534
2761354
2673145
6237415
6324751
3642571
3465217
4356127
4531672
5413762
5147326
1543762
1457326
4153762
4517326
5471236
5742163
7524613
7256431
2765341
2673514
6237154
6321745
3612475
3164257
1346527
1435672
4136527
4315672
3451762
3547126
5374216
5732461
7523641
7256314
2765134
2671543
6217453
6124735
1627453
1264735
2167453
2614735
6241375
6423157
4632517
4365271
3456721
3547612
5374162
5731426
7513246
7152364
1753246
1572364
5173246
5712364
7521634
7256143
2765413
2674531
6247351
6423715
4632175
4361257
3416527
3145672
1354762
1537426
5134762
5317426
3571246
3752164
7325614
7236541
2763451
2674315
6247135
6421753
4612573
4165237
1456327
1543672
5146327
5413672
4531762
4357126
3475216
3742561
7324651
7236415
2763145
2671354
6217534
6125743
1652473
1564237
5162473
5614237
6541327
6453172
4635712
4367521
3476251
3742615
7324165
7231456
2713546
2175364
1257634
1526743
5127634
5216743
2561473
2654137
6245317
6423571
4632751
4367215
3476125
3741652
7314562
7135426
1734562
1375426
3174562
3715426
7351246
7532164
5723614
5276341
2567431
2654713
6245173
6421537
4612357
4163275
1436725
1347652
3146725
3417652
4371562
4735126
7453216
7542361
5724631
5276413
2567143
2651734
6215374
6123547
1632457
1364275
3162457
3614275
6341725
6437152
4673512
4765321
7456231
7542613
5724163
5271436
2517346
2153764
1235674
1326547
3125674
3216547
2361457
2634175
6243715
6427351
4672531
4765213
7456123
7541632
5714362
5173426
1537246
1352764
3157246
3512764
5321674
5236147
2563417
2654371
6245731
6427513
4672153
4761235
7416325
7143652
1746325
1473652
4176325
4713652
7431562
7345126
3754216
3572461
5327641
5236714
2563174
2651347
6215437
6124573
1642753
1467235
4162753
4617235
6471325
6743152
7634512
7365421
3756241
3572614
5327164
5231746
2513476
2154367
1245637
1426573
4125637
4216573
2461753
2647135
6274315
6723451
7632541
7365214
3756124
3571642
5317462
5134726
1543276
1452367
4153276
4512367
5421637
5246173
2564713
2657431
6275341
6723514
7632154
7361245
3716425
3174652
1347562
1435726
4137562
4315726
3451276
3542167
5324617
5236471
2563741
2657314
6275134
6721543
7612453
7164235
1762453
1674235
6172453
6714235
7641325
7463152
4736512
4375621
3457261
3542716
5324176
5231467
2513647
2156374
1265734
1627543
6125734
6217543
2671453
2764135
7246315
7423651
4732561
4375216
3457126
3541762
5314672
5136427
1534672
1356427
3154672
3516427
5361247
5632174
6523714
6257341
2675431
2764513
7246153
7421635
4712365
4173256
1437526
1345762
3147526
3415762
4351672
4536127
5463217
5642371
6524731
6257413
2675143
2761534
7216354
7123645
1732465
1374256
3172465
3714256
7341526
7435162
4753612
4576321
5467231
5642713
6524173
6251437
2615347
2163574
1236754
1327645
3126754
3217645
2371465
2734156
7243516
7425361
4752631
4576213
5467123
5641732
6514372
6153427
1635247
1362574
3165247
3612574
6321754
6237145
2673415
2764351
7246531
7425613
4752163
4571236
5417326
5143762
1547326
1453762
4157326
4513762
5431672
5346127
3564217
3652471
6325741
6237514
2673154
2761345
7216435
7124653
1726435
1274653
2176435
2714653
7241563
7425136
4752316
4573261
5437621
5346712
3564172
3651427
6315247
6132574
1623754
1267345
2163754
2617345
6271435
6724153
7642513
7465231
4756321
4573612
5437162
5341726
3514276
3152467
1325647
1236574
2135647
2316574
3261754
3627145
6372415
6734251
7643521
7465312
4756132
4571623
5417263
5142736
1524376
1253467
2154376
2513467
5231647
5326174
3562714
3657241
6375421
6734512
7643152
7461325
4716235
4172653
1427563
1245736
2147563
2415736
4251376
4523167
5432617
5346271
3564721
3657412
6375142
6731524
7613254
7162345
1763254
1672345
6173254
6712345
7621435
7264153
2746513
2475631
4257361
4523716
5432176
5341267
3514627
3156472
1365742
1637524
6135742
6317524
3671254
3762145
7326415
7234651
2743561
2475316
4257136
4521763
5412673
5146237
1564327
1653472
6154327
6513472
5631742
5367124
3576214
3752641
7325461
7234516
2743156
2471365
4217635
4126753
1462573
1645237
6142573
6415237
4651327
4563172
5436712
5347621
3574261
3752416
7325146
7231564
2713654
2176345
1267435
1624753
6127435
6214753
2641573
2465137
4256317
4523671
5432761
5347216
3574126
3751462
7315642
7136524
1735642
1376524
3175642
3716524
7361254
7632145
6723415
6274351
2647531
2465713
4256173
4521637
5412367
5143276
1534726
1357462
3154726
3517462
5371642
5736124
7563214
7652341
6725431
6274513
2647153
2461735
4216375
4123657
1426375
1243657
2146375
2413657
4231567
4325176
3452716
3547261
5374621
5736412
7563142
7651324
6715234
6172543
1675234
1762543
7165234
7612543
6721453
6274135
2647315
2463751
4236571
4325617
3452167
3541276
5314726
5137462
1573642
1756324
7153642
7516324
5761234
5672143
6527413
6254731
2645371
2463517
4236157
4321675
3412765
3147256
1374526
1735462
7134526
7315462
3751642
3576124
5367214
5632741
6523471
6254317
2645137
2461573
4216753
4127635
1472365
1743256
7142365
7413256
4731526
4375162
3457612
3546721
5364271
5632417
6523147
6251374
2615734
2167543
1276453
1724635
7126453
7214635
2741365
2473156
4237516
4325761
3452671
3546217
5364127
5631472
6513742
6157324
1653742
1567324
5163742
5617324
6571234
6752143
7625413
7264531
2746351
2473615
4237165
4321756
3412576
3145267
1354627
1536472
5134627
5316472
3561742
3657124
6375214
6732541
7623451
7264315
2746135
2471653
4217563
4125736
1452376
1543267
5142376
5413267
4531627
4356172
3465712
3647521
6374251
6732415
7623145
7261354
2716534
2175643
1257463
1524736
5127463
5214736
2541376
2453167
4235617
4326571
3462751
3647215
6374125
6731452
7613542
7165324
1756234
1572643
5176234
5712643
7521463
7254136
2745316
2473561
4237651
4326715
3462175
3641257
6314527
6135472
1634527
1365472
3164527
3615472
6351742
6537124
5673214
5762341
7526431
7254613
2745163
2471536
4217356
4123765
1432675
1346257
3142675
3416257
4361527
4635172
6453712
6547321
5674231
5762413
7526143
7251634
2715364
2173546
1237456
1324765
3127456
3214765
2341675
2436157
4263517
4625371
6452731
6547213
5674123
5761432
7516342
7153624
1735264
1372546
3175264
3712546
7321456
7234165
2743615
2476351
4267531
4625713
6452173
6541237
5614327
5163472
1536742
1357624
3156742
3517624
5371264
5732146
7523416
7254361
2745631
2476513
4267153
4621735
6412375
6143257
1642375
1463257
4162375
4613257
6431527
6345172
3654712
3567421
5376241
5732614
7523164
7251346
2715436
2174563
1247653
1426735
4127653
4216735
2461375
2643157
6234517
6325471
3652741
3567214
5376124
5731642
7513462
7154326
1753462
1574326
5173462
5714326
7541236
7452163
4725613
4276531
2467351
2643715
6234175
6321457
3612547
3165274
1356724
1537642
5136724
5317642
3571462
3754126
7345216
7432561
4723651
4276315
2467135
2641753
6214573
6125437
1652347
1563274
5162347
5613274
6531724
6357142
3675412
3764521
7346251
7432615
4723165
4271356
2417536
2145763
1254673
1526437
5124673
5216437
2561347
2653174
6235714
6327541
3672451
3764215
7346125
7431652
4713562
4175326
1457236
1542763
5147236
5412763
4521673
4256137
2465317
2643571
6234751
6327415
3672145
3761254
7316524
7135642
1736524
1375642
3176524
3715642
7351462
7534126
5743216
5472361
4527631
4256713
2465173
2641537
6214357
6123475
1624357
1263475
2164357
2613475
6231745
6327154
3672514
3765241
7356421
7534612
5743162
5471326
4517236
4152763
1425673
1246537
2145673
2416537
4261357
4623175
6432715
6347251
3674521
3765412
7356142
7531624
5713264
5172346
1527436
1254763
2157436
2514763
5241673
5426137
4562317
4653271
6435721
6347512
3674152
3761425
7316245
7132654
1723564
1275346
2173564
2715346
7251436
7524163
5742613
5476231
4567321
4653712
6435172
6341527
3614257
3162475
1326745
1237654
2136745
2317654
3271564
3725146
7352416
7534261
5743621
5476312
4567132
4651723
6415273
6142537
1645273
1462537
4165273
4612537
6421357
6243175
2634715
2367451
3276541
3725614
7352164
7531246
5713426
5174362
1547632
1456723
4157632
4516723
5461273
5642137
6524317
6253471
2635741
2367514
3276154
3721645
7312465
7134256
1743526
1475362
4173526
4715362
7451632
7546123
5764213
5672431
6527341
6253714
2635174
2361547
3216457
3124675
1342765
1437256
4132765
4317256
3471526
3745162
7354612
7536421
5763241
5672314
6527134
6251743
2615473
2164537
1246357
1423675
4126357
4213675
2431765
2347156
3274516
3725461
7352641
7536214
5763124
5671342
6517432
6154723
1657432
1564723
5167432
5614723
6541273
6452137
4625317
4263571
2436751
2347615
3274165
3721456
7312546
7135264
1753624
1576342
5173624
5716342
7561432
7654123
6745213
6472531
4627351
4263715
2436175
2341657
3214567
3125476
1324567
1234567