12345678
213547680
23145678
324165780
34261758
436271580
46372518
647352180
67453128
765413280
75614238
571624380
51726348
157624380
17526348
715624380
75126348
572136480
52731468
253741680
23547618
324567180
34265178
436215780
46312758
641372580
61473528
167453280
17654238
716453280
76154238
675124380
65721348
562731480
52637418
253647180
23546178
324516780
34215768
431275680
41372658
143275680
13472658
314275680
34172658
437162580
47361528
746351280
76453218
675423180
65724138
562714380
52617348
251637480
21536478
123546780
13245768
312546780
32145768
234175680
24371658
427361580
47263518
746253180
76452138
675412380
65714328
561734280
51637248
153627480
13526478
315627480
35126478
532146780
52341768
254371680
24573618
427563180
47265138
746215380
76412358
671432580
61734528
163754280
13657248
316754280
36157248
635127480
65321478
562341780
52643718
254673180
24576138
427516380
47215368
741235680
71432658
173462580
13764528
317462580
37164528
736154280
76351248
675321480
65723418
562743180
52647138
254617380
24516378
421536780
41235768
142536780
12435768
214536780
24135768
423175680
43271658
347261580
37462518
736452180
76354128
675314280
65713248
561723480
51627438
152647380
12546378
215647380
25146378
524136780
54231768
453271680
43572618
347562180
37465128
736415280
76314258
671324580
61723548
162753480
12657438
216753480
26157438
625147380
65241378
564231780
54632718
453672180
43576128
347516280
37415268
731425680
71324658
172364580
12763548
217364580
27163548
726153480
76251438
675241380
65742318
564732180
54637128
453617280
43516278
341526780
31425768
132475680
12374658
213475680
23174658
327164580
37261548
736251480
76352418
675342180
65743128
564713280
54617238
451627380
41526378
145627380
15426378
514627380
54126378
452136780
42531768
243571680
23475618
327465180
37264158
736214580
76312548
671352480
61753428
167352480
17653428
716352480
76153428
675143280
65741238
564721380
54627318
452637180
42536178
243516780
23415768
321475680
31274658
137264580
17362548
713264580
73162548
376152480
36751428
635741280
65347218
564327180
54623178
452613780
42516738
241576380
21475368
127435680
17234658
712435680
72134658
273164580
23761548
326751480
36257418
635247180
65342178
564312780
54613728
451673280
41576238
147526380
17425368
714526380
74125368
472135680
42731658
243761580
23467518
326457180
36254178
635214780
65312748
561372480
51673428
157643280
17546238
715643280
75146238
574126380
54721368
452731680
42537618
243567180
23465178
326415780
36214758
631274580
61372548
163274580
13672548
316274580
36172548
637152480
67351428
765341280
75643218
574623180
54726138
452716380
42517368
241537680
21435678
123465780
13264758
312465780
32164758
236174580
26371548
627351480
67253418
765243180
75642138
574612380
54716328
451736280
41537268
145736280
15437268
514736280
54137268
453127680
43521678
342561780
32465718
236475180
26374158
627314580
67213548
761253480
71652438
175642380
15746328
517642380
57146328
754136280
74531268
473521680
43725618
342765180
32467158
236417580
26314578
621354780
61253748
165273480
15672438
516273480
56172438
657142380
67541328
764531280
74635218
473625180
43726158
342716580
32417568
231457680
21354678
125364780
15263748
512364780
52163748
256173480
26571438
627541380
67245318
764235180
74632158
473612580
43716528
341756280
31457268
135427680
15324678
513427680
53124678
352164780
32561748
236571480
26375418
627345180
67243158
764213580
74612538
471652380
41756328
147652380
17456328
714652380
74156328
475136280
45731268
543721680
53427618
352467180
32564178
236514780
26315748
621375480
61273458
167243580
17642538
716243580
76142538
674152380
64751328
465731280
45637218
543627180
53426178
352416780
32514768
231574680
21375648
127365480
17263458
712365480
72163458
276143580
26741538
624751380
64257318
465237180
45632178
543612780
53416728
351476280
31574268
137524680
17325648
713524680
73125648
372165480
32761458
236741580
26347518
624357180
64253178
465213780
45612738
541672380
51476328
157436280
17534268
715436280
75134268
573124680
53721648
352761480
32567418
236547180
26345178
624315780
64213758
461273580
41672538
146273580
16472538
614273580
64172538
467152380
47651328
745631280
75436218
573426180
53724168
352714680
32517648
231567480
21365478
126345780
16243758
612345780
62143758
264173580
24671538
427651380
47256318
745236180
75432168
573412680
53714628
351764280
31567248
136527480
16325478
613527480
63125478
362145780
32641758
234671580
24376518
427356180
47253168
745213680
75412638
571462380
51764328
156734280
16537248
615734280
65137248
563127480
53621478
352641780
32546718
234576180
24375168
427315680
47213658
741263580
71462538
176452380
16754328
617452380
67154328
765134280
75631248
573621480
53726418
352746180
32547168
234517680
24315678
421365780
41263758
142365780
12463758
214365780
24163758
426173580
46271538
647251380
67452318
765432180
75634128
573614280
53716248
351726480
31527468
135726480
15327468
513726480
53127468
352147680
32541678
234561780
24365718
426375180
46273158
647213580
67412538
761452380
71654328
175634280
15736248
517634280
57136248
753126480
73521468
372541680
32745618
234765180
24367158
426317580
46213578
641253780
61452738
164253780
14652738
416253780
46152738
645172380
65471328
567431280
57634218
753624180
73526148
372516480
32715468
231745680
21347658
124367580
14263578
412367580
42163578
246153780
26451738
625471380
65274318
567234180
57632148
753612480
73516428
371546280
31745268
134725680
14327658
413725680
43127658
342167580
32461578
236451780
26354718
625374180
65273148
567213480
57612438
751642380
71546328
174536280
14735268
417536280
47135268
743125680
73421658
372461580
32764518
236754180
26357148
625317480
65213478
561243780
51642738
154672380
14576328
415672380
45176328
547136280
57431268
753421680
73524618
372564180
32765148
236715480
26317458
621347580
61243578
162347580
12643578
216347580
26143578
624153780
64251738
465271380
45672318
547632180
57436128
753416280
73514268
371524680
31725648
132765480
12367458
213765480
23167458
326147580
36241578
634251780
64352718
465372180
45673128
547613280
57416238
751426380
71524368
172534680
12735648
217534680
27135648
723165480
73261458
376241580
36742518
634752180
64357128
465317280
45613278
541623780
51426738
152476380
12574368
215476380
25174368
527134680
57231648
753261480
73562418
376542180
36745128
634715280
64317258
461327580
41623578
142653780
12456738
214653780
24156738
425176380
45271368
547231680
57432618
753462180
73564128
376514280
36715248
631725480
61327458
163725480
13627458
316725480
36127458
632147580
62341578
264351780
24653718
425673180
45276138
547216380
57412368
751432680
71534628
175432680
15734628
517432680
57134628
753164280
73561248
376521480
36725418
632745180
62347158
264317580
24613578
421653780
41256738
145276380
15472368
514276380
54172368
457132680
47531628
743561280
73465218
376425180
36724158
632714580
62317548
261357480
21653478
125643780
15246738
512643780
52146738
254176380
24571368
427531680
47235618
743265180
73462158
376412580
36714528
631754280
61357248
165327480
15623478
516327480
56123478
652143780
62541738
264571380
24675318
427635180
47236158
743216580
73412568
371452680
31754628
135764280
15367248
513764280
53167248
356127480
36521478
632541780
62345718
264375180
24673158
427613580
47216538
741256380
71452368
174256380
14752368
417256380
47152368
745132680
75431628
573461280
53764218
356724180
36527148
632517480
62315478
261345780
21643758
124673580
14276538
412673580
42176538
247156380
27451368
725431680
75234618
573264180
53762148
356712480
36517428
631547280
61345278
163547280
13645278
316547280
36145278
634125780
64321758
462371580
42673518
247653180
27456138
725416380
75214368
571234680
51732648
153762480
13567428
315762480
35167428
536147280
56341278
654321780
64523718
462573180
42675138
247615380
27416358
721436580
71234568
173254680
13752648
317254680
37152648
735162480
75361428
576341280
56743218
654723180
64527138
462517380
42615378
241635780
21436758
123476580
13274568
312476580
32174568
237154680
27351648
725361480
75263418
576243180
56742138
654712380
64517328
461537280
41635278
143625780
13426758
314625780
34126758
432176580
42371568
247351680
27453618
725463180
75264138
576214380
56712348
651732480
61537428
165732480
15637428
516732480
56137428
653147280
63541278
364521780
34625718
432675180
42376158
247316580
27413568
721453680
71254638
175264380
15762348
517264380
57162348
756132480
76531428
673541280
63745218
364725180
34627158
432617580
42316578
241356780
21453768
125473680
15274638
512473680
52174638
257164380
27561348
726531480
76235418
673245180
63742158
364712580
34617528
431657280
41356278
145326780
15423768
514326780
54123768
452173680
42571638
247561380
27465318
726435180
76234158
673214580
63712548
361752480
31657428
135647280
15346278
513647280
53146278
354126780
34521768
432571680
42375618
247365180
27463158
726413580
76214538
671254380
61752348
167254380
17652348
716254380
76152348
675132480
65731428
563741280
53647218
354627180
34526178
432516780
42315768
241375680
21473658
127463580
17264538
712463580
72164538
276154380
26751348
625731480
65237418
563247180
53642178
354612780
34516728
431576280
41375268
147325680
17423658
714325680
74123658
472163580
42761538
246751380
26457318
625437180
65234178
563214780
53612748
351672480
31576428
137546280
17345268
713546280
73145268
374125680
34721658
432761580
42367518
246357180
26453178
625413780
65214738
561274380
51672348
157632480
17536428
715632480
75136428
573146280
53741268
354721680
34527618
432567180
42365178
246315780
26413758
621473580
61274538
162473580
12674538
216473580
26174538
627154380
67251348
765231480
75632418
573642180
53746128
354716280
34517268
431527680
41325678
143527680
13425678
314527680
34125678
432165780
42361758
246371580
26473518
627453180
67254138
765214380
75612348
571632480
51736428
153746280
13547268
315746280
35147268
534127680
54321678
452361780
42563718
246573180
26475138
627415380
67214358
761234580
71632548
176234580
16732548
617234580
67132548
763152480
73651428
375641280
35746218
534726180
54327168
452317680
42513678
241563780
21465738
126475380
16274358
612475380
62174358
267134580
27631548
723651480
73256418
375246180
35742168
534712680
54317628
451367280
41563278
146523780
16425738
614523780
64125738
462175380
42671358
247631580
27436518
723456180
73254168
375214680
35712648
531762480
51367428
156347280
16543278
615347280
65143278
564123780
54621738
452671380
42576318
247536180
27435168
723415680
73214658
371264580
31762548
136752480
16357428
613752480
63157428
365147280
35641278
534621780
54326718
452376180
42573168
247513680
27415638
721465380
71264358
172465380
12764358
217465380
27164358
726134580
76231548
673251480
63752418
365742180
35647128
534617280
54316278
451326780
41523768
142573680
12475638
214573680
24175638
427165380
47261358
746231580
76432518
673452180
63754128
365714280
35617248
531627480
51326478
152346780
12543768
215346780
25143768
524173680
54271638
457261380
47562318
746532180
76435128
673415280
63714258
361724580
31627548
132657480
12356478
213657480
23156478
325146780
35241768
534271680
54372618
457362180
47563128
746513280
76415238
671425380
61724358
162734580
12637548
216734580
26137548
623157480
63251478
365241780
35642718
534672180
54376128
457316280
47513268
741523680
71425638
174523680
14725638
417523680
47125638
742165380
72461358
276431580
26734518
623754180
63257148
365217480
35612478
531642780
51346728
153642780
13546728
315642780
35146728
534176280
54371268
457321680
47523618
742563180
72465138
276415380
26714358
621734580
61237548
163257480
13652478
316257480
36152478
635142780
65341728
564371280
54673218
457623180
47526138
742516380
72415368
271435680
21734658
123764580
13267548
312764580
32167548
236157480
26351478
625341780
65243718
564273180
54672138
457612380
47516328
741536280
71435268
173425680
13724658
317425680
37124658
732164580
72361548
276351480
26753418
625743180
65247138
564217380
54612378
451632780
41536728
143576280
13475268
314576280
34175268
437125680
47321658
742361580
72463518
276453180
26754138
625714380
65217348
561237480
51632478
156237480
16532478
615237480
65132478
563142780
53641728
354671280
34576218
437526180
47325168
742315680
72413658
271463580
21764538
126754380
16257348
612754380
62157348
265137480
25631478
523641780
53246718
354276180
34572168
437512680
47315628
741365280
71463258
174365280
14763258
417365280
47163258
746123580
76421538
672451380
62754318
265734180
25637148
523617480
53216478
351246780
31542768
134572680
14375628
413572680
43175628
347165280
37461258
736421580
76324518
672354180
62753148
265713480
25617438
521647380
51246378
154236780
14532768
415236780
45132768
543172680
53471628
357461280
37564218
736524180
76325148
672315480
62713458
261743580
21647538
124657380
14256378
412657380
42156378
245136780
25431768
523471680
53274618
357264180
37562148
736512480
76315428
671345280
61743258
164723580
14627538
416723580
46127538
642157380
62451378
265431780
25634718
523674180
53276148
357216480
37512468
731542680
71345628
173542680
13745628
317542680
37145628
734165280
74361258
476321580
46723518
642753180
62457138
265417380
25614378
521634780
51236748
153276480
13572468
315276480
35172468
537142680
57341628
754361280
74563218
476523180
46725138
642715380
62417358
261437580
21634578
123654780
13256748
312654780
32156748
235176480
25371468
527341680
57243618
754263180
74562138
476512380
46715328
641735280
61437258
163427580
13624578
316427580
36124578
632154780
62351748
265371480
25673418
527643180
57246138
754216380
74512368
471532680
41735628
143765280
13467258
314765280
34167258
436127580
46321578
642351780
62453718
265473180
25674138
527614380
57216348
751236480
71532468
175236480
15732468
517236480
57132468
753142680
73541628
374561280
34765218
436725180
46327158
642317580
62413578
261453780
21654738
125674380
15276348
512674380
52176348
257136480
27531468
723541680
73245618
374265180
34762158
436712580
46317528
641357280
61453278
165423780
15624738
516423780
56124738
652174380
62571348
267531480
27635418
723645180
73246158
374216580
34712568
431752680
41357628
145367280
15463278
514367280
54163278
456123780
46521738
642571380
62475318
267435180
27634158
723614580
73216548
371256480
31752468
135742680
15347628
513742680
53147628
354167280
34561278
436521780
46325718
642375180
62473158
267413580
27614538
721654380
71256348
172654380
12756348
217654380
27156348
725136480
75231468
573241680
53742618
354762180
34567128
436517280
46315278
641325780
61423758
164325780
14623758
416325780
46123758
642173580
62471538
267451380
27654318
725634180
75236148
573216480
53712468
351742680
31547628
134567280
14365278
413567280
43165278
346125780
36421758
632471580
62374518
267354180
27653148
725613480
75216438
571246380
51742368
157246380
17542368
715246380
75142368
574132680
54731628
453761280
43567218
346527180
36425178
632415780
62314758
261374580
21673548
127653480
17256438
712653480
72156438
275146380
25741368
524731680
54237618
453267180
43562178
346512780
36415728
631475280
61374258
167324580
17623548
716324580
76123548
672153480
62751438
265741380
25647318
524637180
54236178
453216780
43512768
341572680
31475628
137465280
17364258
713465280
73164258
376124580
36721548
632751480
62357418
265347180
25643178
524613780
54216738
451276380
41572368
147532680
17435628
714532680
74135628
473165280
43761258
346721580
36427518
632457180
62354178
265314780
25613748
521673480
51276438
152673480
12576438
215673480
25176438
527146380
57241368
754231680
74532618
473562180
43765128
346715280
36417258
631427580
61324578
162354780
12653748
216354780
26153748
625173480
65271438
567241380
57642318
754632180
74536128
473516280
43715268
341725680
31427658
132467580
12364578
213467580
23164578
326154780
36251748
635271480
65372418
567342180
57643128
754613280
74516238
471526380
41725368
142735680
12437658
214735680
24137658
423167580
43261578
346251780
36452718
635472180
65374128
567314280
57613248
751623480
71526438
172546380
12745368
217546380
27145368
724135680
74231658
473261580
43762518
346752180
36457128
635417280
65314278
561324780
51623748
156324780
16523748
615324780
65123748
562173480
52671438
257641380
27546318
724536180
74235168
473215680
43712658
341762580
31467528
134762580
14367528
413762580
43167528
346157280
36451278
635421780
65324718
562374180
52673148
257613480
27516438
721546380
71245368
174235680
14732658
417235680
47132658
743162580
73461528
376451280
36754218
635724180
65327148
562317480
52613478
251643780
21546738
124576380
14275368
412576380
42175368
247135680
27431658
723461580
73264518
376254180
36752148
635712480
65317428
561347280
51643278
154623780
14526738
415623780
45126738
542176380
52471368
257431680
27534618
723564180
73265148
376215480
36712458
631742580
61347528
164357280
14653278
416357280
46153278
645123780
65421738
562471380
52674318
257634180
27536148
723516480
73215468
371245680
31742658
137245680
17342658
713245680
73142658
374162580
34761528
436751280
46357218
645327180
65423178
562413780
52614738
251674380
21576348
127536480
17235468
712536480
72135468
273145680
23741658
324761580
34267518
436257180
46352178
645312780
65413728
561473280
51674238
156473280
16574238
615473280
65174238
567124380
57621348
752631480
72536418
273546180
23745168
324715680
34217658
431267580
41362578
146352780
16453728
614352780
64153728
465173280
45671238
547621380
57426318
752436180
72534168
273514680
23715648
321765480
31267458
136247580
16342578
613247580
63142578
364152780
34651728
435671280
45376218
547326180
57423168
752413680
72514638
271564380
21765348
126735480
16237458
612735480
62137458
263147580
23641578
324651780
34256718
435276180
45372168
547312680
57413628
751463280
71564238
176524380
16725348
617524380
67125348
762135480
72631458
273641580
23746518
324756180
34257168
435217680
45312678
541362780
51463728
154362780
14563728
415362780
45163728
546173280
56471238
657421380
67524318
762534180
72635148
273615480
23716458
321746580
31247568
134257680
14352678
413257680
43152678
345162780
35461728
536471280
56374218
657324180
67523148
762513480
72615438
271645380
21746358
124736580
14237568
412736580
42137568
243157680
23451678
325461780
35264718
536274180
56372148
657312480
67513428
761543280
71645238
174625380
14726358
417625380
47126358
742136580
72431568
273451680
23754618
325764180
35267148
536217480
56312478
651342780
61543728
164573280
14675238
416573280
46175238
647125380
67421358
762431580
72634518
273654180
23756148
325716480
35217468
531247680
51342678
153247680
13542678
315247680
35142678
534162780
54361728
456371280
46573218
647523180
67425138
762415380
72614358
271634580
21736548
123756480
13257468
312756480
32157468
235147680
25341678
524361780
54263718
456273180
46572138
647512380
67415328
761435280
71634258
173624580
13726548
317624580
37126548
732156480
72351468
275341680
25743618
524763180
54267138
456217380
46512378
641532780
61435728
163475280
13674258
316475280
36174258
637124580
67321548
762351480
72653418
275643180
25746138
524716380
54217368
451237680
41532678
143562780
13465728
314562780
34165728
436175280
46371258
647321580
67423518
762453180
72654138
275614380
25716348
521736480
51237468
152736480
12537468
215736480
25137468
523147680
53241678
354261780
34562718
436572180
46375128
647315280
67413258
761423580
71624538
176423580
16724538
617423580
67124538
762154380
72651348
275631480
25736418
523746180
53247168
354217680
34512678
431562780
41365728
146375280
16473258
614375280
64173258
467123580
47621538
742651380
72456318
275436180
25734168
523714680
53217648
351267480
31562478
135267480
15362478
513267480
53162478
356142780
36541728
634571280
64375218
467325180
47623158
742613580
72416538
271456380
21754368
125734680
15237648
512734680
52137648
253167480
23561478
326541780
36245718
634275180
64372158
467312580
47613528
741653280
71456238
175426380
15724368
517426380
57124368
752134680
72531648
273561480
23765418
326745180
36247158
634217580
64312578
461352780
41653728
145673280
15476238
514673280
54176238
457126380
47521368
742531680
72435618
273465180
23764158
326714580
36217548
631257480
61352478
165342780
15643728
516342780
56143728
654173280
64571238
467521380
47625318
742635180
72436158
273416580
23714568
321754680
31257648
132754680
12357648
213754680
23157648
325167480
35261478
536241780
56342718
654372180
64573128
467513280
47615238
741625380
71426358
172436580
12734568
217436580
27134568
723154680
73251648
375261480
35762418
536742180
56347128
654317280
64513278
461523780
41625738
142675380
12476358
214675380
24176358
427136580
47231568
743251680
73452618
375462180
35764128
536714280
56317248
651327480
61523478
162543780
12645738
216543780
26145738
624175380
64271358
467231580
47632518
743652180
73456128
375416280
35714268
531724680
51327648
152367480
12563478
215367480
25163478
526143780
56241738
654271380
64572318
467532180
47635128
743615280
73416258
371426580
31724568
137426580
17324568
713426580
73124568
372154680
32751648
235761480
25367418
526347180
56243178
654213780
64512738
461572380
41675328
146572380
16475328
614572380
64175328
467135280
47631258
743621580
73426518
372456180
32754168
235714680
25317648
521367480
51263478
156243780
16542738
615243780
65142738
564172380
54671328
457631280
47536218
743526180
73425168
372415680
32714658
231764580
21367548
126357480
16253478
612357480
62153478
265143780
25641738
524671380
54276318
457236180
47532168
743512680
73415628
371465280
31764258
136724580
16327548
613724580
63127548
362157480
32651478
235641780
25346718
524376180
54273168
457213680
47512638
741562380
71465328
176435280
16734258
617435280
67134258
763124580
73621548
372651480
32756418
235746180
25347168
524317680
54213678
451263780
41562738
145263780
15462738
514263780
54162738
456172380
46571328
647531280
67435218
763425180
73624158
372614580
32716548
231756480
21357468
125347680
15243678
512347680
52143678
254163780
24561738
426571380
46275318
647235180
67432158
763412580
73614528
371654280
31756248
137654280
17356248
713654280
73156248
375126480
35721468
532741680
52347618
254367180
24563178
426513780
46215738
641275380
61472358
167432580
17634528
716432580
76134528
673154280
63751248
365721480
35627418
532647180
52346178
254316780
24513768
421573680
41275638
147265380
17462358
714265380
74162358
476132580
46731528
643751280
63457218
365427180
35624178
532614780
52316748
251376480
21573468
127543680
17245638
712543680
72145638
274165380
24761358
426731580
46237518
643257180
63452178
365412780
35614728
531674280
51376248
157326480
17523468
715326480
75123468
572143680
52741638
254761380
24567318
426537180
46235178
643215780
63412758
361472580
31674528
136472580
16374528
613472580
63174528
367154280
37651248
735621480
75326418
572346180
52743168
254713680
24517638
421567380
41265378
146235780
16432758
614235780
64132758
463172580
43671528
347651280
37456218
735426180
75324168
572314680
52713648
251763480
21567438
126547380
16245378
612547380
62145378
264135780
24631758
423671580
43276518
347256180
37452168
735412680
75314628
571364280
51763248
156723480
16527438
615723480
65127438
562147380
52641378
254631780
24536718
423576180
43275168
347215680
37412658
731462580
71364528
176354280
16753248
617354280
67153248
765123480
75621438
572641380
52746318
254736180
24537168
423517680
43215678
341265780
31462758
134265780
14362758
413265780
43162758
346172580
36471528
637451280
67354218
765324180
75623148
572613480
52716438
251746380
21547368
124537680
14235678
412537680
42135678
243165780
23461758
326471580
36274518
637254180
67352148
765312480
75613428
571643280
51746238
154726380
14527368
415726380
45127368
542137680
52431678
253461780
23564718
326574180
36275148
637215480
67312458
761342580
71643528
174653280
14756238
417653280
47156238
745126380
75421368
572431680
52734618
253764180
23567148
326517480
36215478
631245780
61342758
164372580
14673528
416372580
46173528
647153280
67451238
765421380
75624318
572634180
52736148
253716480
23517468
321547680
31245678
132547680
12354768
213456780
23154768
325174680
35271648
537261480
57362418
756342180
76543128
674513280
64715238
461725380
41627358
146725380
16427358
614725380
64127358
462137580
42631578
243651780
23456718
325476180
35274168
537214680
57312648
751362480
71563428
176543280
16745238
617543280
67145238
764125380
74621358
472631580
42736518
243756180
23457168
325417680
35214678
531264780
51362748
156372480
16573428
615372480
65173428
567143280
57641238
754621380
74526318
472536180
42735168
243715680
23417658
321467580
31264578
136254780
16352748
613254780
63152748
365172480
35671428
537641280
57346218
754326180
74523168
472513680
42715638
241765380
21467358
126437580
16234578
612437580
62134578
263154780
23651748
325671480
35276418
537246180
57342168
754312680
74513628
471563280
41765238
147563280
17465238
714563280
74165238
476125380
46721358
642731580
62437518
263457180
23654178
325614780
35216748
531276480
51372468
157342680
17543628
715342680
75143628
574163280
54761238
456721380
46527318
642537180
62435178
263415780
23614758
321674580
31276548
137256480
17352468
713256480
73152468
375142680
35741628
534761280
54367218
456327180
46523178
642513780
62415738
261475380
21674358
127634580
17236548
712634580
72136548
273156480
23751468
325741680
35247618
534267180
54362178
456312780
46513728
641573280
61475238
167425380
17624358
716425380
76124358
672134580
62731548
263751480
23657418
325647180
35246178
534216780
54312768
451372680
41573628
145372680
15473628
514372680
54173628
457163280
47561238
746521380
76425318
672435180
62734158
263714580
23617548
321657480
31256478
135246780
15342768
513246780
53142768
354172680
34571628
437561280
47365218
746325180
76423158
672413580
62714538
261754380
21657348
125637480
15236478
512637480
52136478
253146780
23541768
324571680
34275618
437265180
47362158
746312580
76413528
671453280
61754238
165724380
15627348
516724380
56127348
652137480
62531478
263541780
23645718
324675180
34276158
437216580
47312568
741352680
71453628
175463280
15764238
517463280
57164238
756124380
76521348
672531480
62735418
263745180
23647158
324617580
34216578
431256780
41352768
143256780
13452768
314256780
34152768
435172680
45371628
547361280
57463218
756423180
76524138
672514380
62715348
261735480
21637458
123647580
13246578
312647580
32146578
234156780
24351768
425371680
45273618
547263180
57462138
756412380
76514328
671534280
61735248
167534280
17635248
716534280
76135248
673125480
63721458
362741580
32647518
234657180
24356178
425316780
45213768
541273680
51472638
157462380
17564328
715462380
75164328
576134280
56731248
653721480
63527418
362547180
32645178
234615780
24316758
421376580
41273568
147253680
17452638
714253680
74152638
475162380
45761328
546731280
56437218
653427180
63524178
362514780
32615748
231675480
21376458
127346580
17243568
712346580
72143568
274153680
24751638
425761380
45267318
546237180
56432178
653412780
63514728
361574280
31675248
137625480
17326458
713625480
73126458
372146580
32741568
234751680
24357618
425367180
45263178
546213780
56412738
651472380
61574328
165472380
15674328
516472380
56174328
657134280
67531248
763521480
73625418
372645180
32746158
234716580
24317568
421357680
41253678
142357680
12453678
214357680
24153678
425163780
45261738
546271380
56472318
657432180
67534128
763514280
73615248
371625480
31726458
132746580
12347568
213746580
23147568
324157680
34251678
435261780
45362718
546372180
56473128
657413280
67514238
761524380
71625348
172635480
12736458
217635480
27136458
723146580
73241568
374251680
34752618
435762180
45367128
546317280
56413278
651423780
61524738
162574380
12675348
216574380
26175348
627135480
67231458
763241580
73642518
374652180
34756128
435716280
45317268
541327680
51423678
152463780
12564738
215463780
25164738
526174380
56271348
657231480
67532418
763542180
73645128
374615280
34716258
431726580
41327568
143726580
13427568
314726580
34127568
432157680
42351678
245361780
25463718
526473180
56274138
657214380
67512348
761532480
71635428
173645280
13746258
317645280
37146258
734126580
74321568
472351680
42753618
245763180
25467138
526417380
56214378
651234780
61532748
163572480
13675428
316572480
36175428
637145280
67341258
764321580
74623518
472653180
42756138
245716380
25417368
521437680
51234678
153264780
13562748
315264780
35162748
536172480
56371428
657341280
67543218
764523180
74625138
472615380
42716358
241736580
21437568
123457680
13254678
312457680
32154678
235164780
25361748
526371480
56273418
657243180
67542138
764512380
74615328
471635280
41736258
147635280
17436258
714635280
74136258
473126580
43721568
342751680
32457618
235467180
25364178
526314780
56213748
651273480
61572438
167542380
17645328
716542380
76145328
674135280
64731258
463721580
43627518
342657180
32456178
235416780
25314768
521374680
51273648
152374680
12573648
215374680
25173648
527163480
57261438
756241380
76542318
674532180
64735128
463715280
43617258
341627580
31426578
134627580
14326578
413627580
43126578
342156780
32451768
235471680
25374618
527364180
57263148
756213480
76512438
671542380
61745328
164735280
14637258
416735280
46137258
643127580
63421578
362451780
32654718
235674180
25376148
527316480
57213468
751243680
71542638
174562380
14765328
417562380
47165328
746135280
76431258
673421580
63724518
362754180
32657148
235617480
25316478
521346780
51243768
154273680
14572638
415273680
45172638
547162380
57461328
756431280
76534218
673524180
63725148
362715480
32617458
231647580
21346578
124356780
14253768
412356780
42153768
245173680
25471638
527461380
57264318
756234180
76532148
673512480
63715428
361745280
31647258
136745280
16347258
613745280
63147258
364127580
34621578
432651780
42356718
245376180
25473168
527413680
57214638
751264380
71562348
176532480
16735428
617532480
67135428
763145280
73641258
374621580
34726518
432756180
42357168
245317680
25413678
521463780
51264738
156274380
16572348
615274380
65172348
567132480
57631428
753641280
73546218
374526180
34725168
432715680
42317658
241367580
21463578
126453780
16254738
612453780
62154738
265174380
25671348
527631480
57236418
753246180
73542168
374512680
34715628
431765280
41367258
146327580
16423578
614327580
64123578
462153780
42651738
245671380
25476318
527436180
57234168
753214680
73512648
371562480
31765428
137562480
17365428
713562480
73165428
376145280
36741258
634721580
64327518
462357180
42653178
245613780
25416738
521476380
51274368
157234680
17532648
715234680
75132648
573162480
53761428
356741280
36547218
634527180
64325178
462315780
42613758
241673580
21476538
127456380
17254368
712456380
72154368
275134680
25731648
523761480
53267418
356247180
36542178
634512780
64315728
461375280
41673258
147623580
17426538
714623580
74126538
472156380
42751368
245731680
25437618
523467180
53264178
356214780
36512748
631572480
61375428
167345280
17643258
716345280
76143258
674123580
64721538
462751380
42657318
245637180
25436178
523416780
53214768
351274680
31572648
135274680
15372648
513274680
53172648
357162480
37561428
736541280
76345218
674325180
64723158
462713580
42617538
241657380
21456378
125436780
15234768
512436780
52134768
253174680
23571648
327561480
37265418
736245180
76342158
674312580
64713528
461753280
41657238
146753280
16457238
614753280
64157238
465127380
45621378
542631780
52436718
253476180
23574168
327514680
37215648
731265480
71362458
176342580
16743528
617342580
67143528
764153280
74651238
475621380
45726318
542736180
52437168
253417680
23514678
321564780
31265748
136275480
16372458
613275480
63172458
367142580
37641528
734651280
74356218
475326180
45723168
542713680
52417638
251467380
21564378
126534780
16235748
612534780
62135748
263175480
23671458
327641580
37246518
734256180
74352168
475312680
45713628
541763280
51467238
156427380
16524378
615427380
65124378
562134780
52631748
253671480
23576418
327546180
37245168
734215680
74312658
471362580
41763528
147362580
17463528
714362580
74163528
476153280
46751238
645721380
65427318
562437180
52634178
253614780
23516748
321576480
31275468
132576480
12375468
213576480
23175468
327145680
37241658
734261580
74362518
476352180
46753128
645713280
65417238
561427380
51624378
152634780
12536748
215634780
25136748
523176480
53271468
357241680
37542618
734562180
74365128
476315280
46713258
641723580
61427538
162457380
12654378
216457380
26154378
625134780
65231748
563271480
53672418
357642180
37546128
734516280
74315268
471325680
41723658
142763580
12467538
214763580
24167538
426157380
46251378
645231780
65432718
563472180
53674128
357614280
37516248
731526480
71325468
172345680
12743658
217345680
27143658
724163580
74261538
476251380
46752318
645732180
65437128
563417280
53614278
351624780
31526748
135624780
15326748
513624780
53126748
352176480
32571468
237541680
27345618
724365180
74263158
476213580
46712538
641752380
61457328
165437280
15634278
516437280
56134278
653124780
63521748
362571480
32675418
237645180
27346158
724316580
74213568
471253680
41752638
145762380
15467328
514762380
54167328
456137280
46531278
643521780
63425718
362475180
32674158
237614580
27316548
721356480
71253468
175243680
15742638
517243680
57142638
754162380
74561328
476531280
46735218
643725180
63427158
362417580
32614578
231654780
21356748
125376480
15273468
512376480
52173468
257143680
27541638
724561380
74265318
476235180
46732158
643712580
63417528
361457280
31654278
136457280
16354278
613457280
63154278
365124780
35621748
532671480
52376418
257346180
27543168
724513680
74215638
471265380
41762358
146732580
16437528
614732580
64137528
463157280
43651278
345621780
35426718
532476180
52374168
257314680
27513648
721563480
71265438
172563480
12765438
217563480
27165438
726145380
76241358
674231580
64732518
463752180
43657128
345617280
35416278
531426780
51324768
153426780
13524768
315426780
35124768
532174680
52371648
257361480
27563418
726543180
76245138
674215380
64712358
461732580
41637528
143657280
13456278
314657280
34156278
435126780
45321768
542371680
52473618
257463180
27564138
726514380
76215348
671235480
61732458
163742580
13647528
316742580
36147528
634157280
64351278
465321780
45623718
542673180
52476138
257416380
27514368
721534680
71235648
173265480
13762458
317265480
37162458
736142580
76341528
674351280
64753218
465723180
45627138
542617380
52416378
251436780
21534768
123574680
13275648
312574680
32175648
237165480
27361458
726341580
76243518
674253180
64752138
465712380
45617328
541637280
51436278
154637280
14536278
415637280
45136278
543126780
53421768
352471680
32574618
237564180
27365148
726315480
76213458
671243580
61742538
164752380
14657328
416752380
46157328
645137280
65431278
563421780
53624718
352674180
32576148
237516480
27315468
721345680
71243658
174263580
14762538
417263580
47162538
746152380
76451328
675431280
65734218
563724180
53627148
352617480
32516478
231546780
21345768
124375680
14273658
412375680
42173658
247163580
27461538
726451380
76254318
675234180
65732148
563712480
53617428
351647280
31546278
134526780
14325768
413526780
43125768
342175680
32471658
237461580
27364518
726354180
76253148
675213480
65712438
561742380
51647328
156742380
16547328
615742380
65147328
564137280
54631278
453621780
43526718
342576180
32475168
237415680
27314658
721364580
71263548
176253480
16752438
617253480
67152438
765142380
75641328
574631280
54736218
453726180
43527168
342517680
32415678
231465780
21364758
126374580
16273548
612374580
62173548
267153480
27651438
725641380
75246318
574236180
54732168
453712680
43517628
341567280
31465278
136425780
16324758
613425780
63124758
362174580
32671548
237651480
27356418
725346180
75243168
574213680
54712638
451762380
41567328
146537280
16435278
614537280
64135278
463125780
43621758
342671580
32476518
237456180
27354168
725314680
75213648
571263480
51762438
157263480
17562438
715263480
75162438
576142380
56741328
654731280
64537218
463527180
43625178
342615780
32416758
231476580
21374568
127354680
17253648
712354680
72153648
275163480
25761438
526741380
56247318
654237180
64532178
463512780
43615728
341675280
31476258
134675280
14376258
413675280
43176258
347126580
37421568
732451680
72354618
275364180
25763148
526713480
56217438
651247380
61542378
164532780
14635728
416532780
46135728
643175280
63471258
367421580
37624518
732654180
72356148
275316480
25713468
521743680
51247638
154267380
14562378
415267380
45162378
546132780
56431728
653471280
63574218
367524180
37625148
732615480
72316458
271346580
21743568
124753680
14257638
412753680
42157638
245167380
25461378
526431780
56234718
653274180
63572148
367512480
37615428
731645280
71346258
174326580
14723568
417326580
47123568
742153680
72451638
275461380
25764318
526734180
56237148
653217480
63512478
361542780
31645728
136542780
16345728
613542780
63145728
364175280
34671258
437621580
47326518
742356180
72453168
275413680
25714638
521764380
51267348
152764380
12567348
215764380
25167348
526137480
56231478
653241780
63542718
364572180
34675128
437615280
47316258
741326580
71423568
172453680
12754638
217453680
27154638
725164380
75261348
576231480
56732418
653742180
63547128
364517280
34615278
431625780
41326758
142376580
12473568
214376580
24173568
427153680
47251638
745261380
75462318
576432180
56734128
653714280
63517248
361527480
31625478
132645780
12346758
213645780
23146758
324176580
34271568
437251680
47352618
745362180
75463128
576413280
56714238
651724380
61527348
162537480
12635478
216537480
26135478
623145780
63241758
364271580
34672518
437652180
47356128
745316280
75413268
571423680
51724638
157423680
17524638
715423680
75124638
572164380
52761348
256731480
26537418
623547180
63245178
364215780
34612758
431672580
41376528
147356280
17453268
714356280
74153268
475123680
45721638
542761380
52467318
256437180
26534178
623514780
63215748
361275480
31672458
137642580
17346528
713642580
73146528
374156280
34751268
435721680
45327618
542367180
52463178
256413780
26514738
621574380
61275348
167235480
17632458
716235480
76132458
673142580
63741528
364751280
34657218
435627180
45326178
542316780
52413768
251473680
21574638
127564380
17265348
712564380
72165348
276135480
26731458
623741580
63247518
364257180
34652178
435612780
45316728
541376280
51473268
154376280
14573268
415376280
45173268
547123680
57421638
752461380
72564318
276534180
26735148
623715480
63217458
361247580
31642578
134652780
14356728
413652780
43156728
345176280
35471268
537421680
57324618
752364180
72563148
276513480
26715438
621745380
61247358
162745380
12647358
216745380
26147358
624137580
64231578
463251780
43652718
345672180
35476128
537416280
57314268
751324680
71523648
175324680
15723648
517324680
57123648
752163480
72561438
276541380
26745318
624735180
64237158
463217580
43612578
341652780
31456728
135476280
15374268
513476280
53174268
357124680
37521648
732561480
72365418
276345180
26743158
624713580
64217538
461257380
41652378
145632780
15436728
514632780
54136728
453176280
43571268
347521680
37425618
732465180
72364158
276314580
26713548
621753480
61257438
165247380
15642378
516247380
56142378
654132780
64531728
463571280
43675218
347625180
37426158
732416580
72314568
271354680
21753648
125763480
15267438
512763480
52167438
256147380
26541378
624531780
64235718
463275180
43672158
347612580
37416528
731456280
71354268
173456280
13754268
317456280
37154268
735124680
75321648
572361480
52763418
256743180
26547138
624517380
64215378
461235780
41632758
143672580
13476528
314672580
34176528
437156280
47351268
745321680
75423618
572463180
52764138
256714380
26517348
621537480
61235478
163245780
13642758
316245780
36142758
634172580
64371528
467351280
47653218
745623180
75426138
572416380
52714368
251734680
21537648
123567480
13265478
312567480
32165478
236145780
26341758
624371580
64273518
467253180
47652138
745612380
75416328
571436280
51734268
153724680
13527648
315724680
35127648
532167480
52361478
256341780
26543718
624573180
64275138
467215380
47612358
741632580
71436528
174632580
14736528
417632580
47136528
743156280
73451268
375421680
35724618
532764180
52367148
256317480
26513478
621543780
61245738
164275380
14672358
416275380
46172358
647132580
67431528
763451280
73654218
375624180
35726148
532716480
52317468
251347680
21543678
124563780
14265738
412563780
42165738
246175380
26471358
627431580
67234518
763254180
73652148
375612480
35716428
531746280
51347268
154327680
14523678
415327680
45123678
542163780
52461738
256471380
26574318
627534180
67235148
763215480
73612458
371642580
31746528
134756280
14357268
413756280
43157268
345127680
35421678
532461780
52364718
256374180
26573148
627513480
67215438
761245380
71642358
176245380
16742358
617245380
67142358
764132580
74631528
473651280
43756218
345726180
35427168
532417680
52314678
251364780
21563748
126573480
16275438
612573480
62175438
267145380
27641358
724631580
74236518
473256180
43752168
345712680
35417628
531467280
51364278
153467280
13564278
315467280
35164278
536124780
56321748
652371480
62573418
267543180
27645138
724615380
74216358
471236580
41732568
143752680
13457628
314752680
34157628
435167280
45361278
546321780
56423718
652473180
62574138
267514380
27615348
721635480
71236458
173246580
13742568
317246580
37142568
734152680
74351628
475361280
45763218
546723180
56427138
652417380
62514378
261534780
21635748
123675480
13276458
312675480
32176458
237146580
27341568
724351680
74253618
475263180
45762138
546712380
56417328
651437280
61534278
163524780
13625748
316524780
36125748
632175480
62371458
267341580
27643518
724653180
74256138
475216380
45712368
541732680
51437628
154732680
14537628
415732680
45137628
543167280
53461278
356421780
36524718
632574180
62375148
267315480
27613458
721643580
71246538
172643580
12746538
217643580
27146538
724156380
74251368
475231680
45732618
543762180
53467128
356417280
36514278
631524780
61325748
162375480
12673458
216375480
26173458
627143580
67241538
764251380
74652318
475632180
45736128
543716280
53417268
351427680
31524678
132564780
12365748
213564780
23165748
326175480
36271458
637241580
67342518
764352180
74653128
475613280
45716238
541726380
51427368
152437680
12534678
215437680
25134678
523164780
53261748
356271480
36572418
637542180
67345128
764315280
74613258
471623580
41726538
142756380
12457368
214756380
24157368
425137680
45231678
543261780
53462718
356472180
36574128
637514280
67315248
761325480
71623458
176325480
16723458
617325480
67123458
762143580
72641538
274651380
24756318
425736180
45237168
543217680
53412678
351462780
31564728
136574280
16375248
613574280
63175248
367125480
37621458
732641580
72346518
274356180
24753168
425713680
45217638
541267380
51462378
156432780
16534728
615432780
65134728
563174280
53671248
357621480
37526418
732546180
72345168
274315680
24713658
421763580
41267538
146257380
16452378
614257380
64152378
465132780
45631728
543671280
53476218
357426180
37524168
732514680
72315648
271365480
21763458
126743580
16247538
612743580
62147538
264157380
24651378
425631780
45236718
543276180
53472168
357412680
37514628
731564280
71365248
173564280
13765248
317564280
37165248
736125480
76321458
672341580
62743518
264753180
24657138
425617380
45216378
541236780
51432768
153472680
13574628
315472680
35174628
537164280
57361248
756321480
76523418
672543180
62745138
264715380
24617358
421637580
41236578
142637580
12436578
214637580
24136578
423156780
43251768
345271680
35472618
537462180
57364128
756314280
76513248
671523480
61725438
167523480
17625438
716523480
76125438
672145380
62741358
264731580
24637518
423657180
43256178
345216780
35412768
531472680
51374628
157364280
17563248
715364280
75163248
576123480
56721438
652741380
62547318
264537180
24635178
423615780
43216758
341276580
31472568
137452680
17354628
713452680
73154628
375164280
35761248
536721480
56327418
652347180
62543178
264513780
24615738
421675380
41276358
147236580
17432568
714236580
74132568
473152680
43751628
345761280
35467218
536427180
56324178
652314780
62513748
261573480
21675438
127645380
17246358
712645380
72146358
274136580
24731568
423751680
43257618
345267180
35462178
536412780
56314728
651374280
61573248
165374280
15673248
516374280
56173248
657123480
67521438
762541380
72645318
274635180
24736158
423716580
43217568
341257680
31452678
135462780
15364728
513462780
53164728
356174280
36571248
637521480
67325418
762345180
72643158
274613580
24716538
421756380
41257368
145237680
15432678
514237680
54132678
453162780
43561728
346571280
36475218
637425180
67324158
762314580
72613548
271653480
21756438
125746380
15247368
512746380
52147368
254137680
24531678
423561780
43265718
346275180
36472158
637412580
67314528
761354280
71653248
175623480
15726438
517623480
57126438
752146380
72541368
274531680
24735618
423765180
43267158
346217580
36412578
631452780
61354728
163452780
13654728
316452780
36154728
635174280
65371248
567321480
57623418
752643180
72546138
274516380
24715368
421735680
41237658
143267580
13462578
314267580
34162578
436152780
46351728
645371280
65473218
567423180
57624138
752614380
72516348
271536480
21735468
123745680
13247658
312745680
32147658
234167580
24361578
426351780
46253718
645273180
65472138
567412380
57614328
751634280
71536248
173526480
13725468
317526480
37125468
732145680
72341658
274361580
24763518
426753180
46257138
645217380
65412378
561432780
51634728
153674280
13576248
315674280
35176248
537126480
57321468
752341680
72543618
274563180
24765138
426715380
46217358
641237580
61432578
164237580
14632578
416237580
46132578
643152780
63451728
365471280
35674218
537624180
57326148
752316480
72513468
271543680
21745638
124765380
14267358
412765380
42167358
246137580
26431578
623451780
63254718
365274180
35672148
537612480
57316428
751346280
71543268
175346280
15743268
517346280
57143268
754123680
74521638
472561380
42765318
246735180
26437158
623417580
63214578
361254780
31652748
135672480
15376428
513672480
53176428
357146280
37541268
734521680
74325618
472365180
42763158
246713580
26417538
621457380
61254378
165234780
15632748
516234780
56132748
653172480
63571428
367541280
37645218
734625180
74326158
472316580
42713568
241753680
21457638
125467380
15264378
512467380
52164378
256134780
26531748
623571480
63275418
367245180
37642158
734612580
74316528
471356280
41753268
145723680
15427638
514723680
54127638
452167380
42561378
246531780
26435718
623475180
63274158
367214580
37612548
731652480
71356428
173652480
13756428
317652480
37156428
735146280
75341268
574321680
54723618
452763180
42567138
246517380
26415378
621435780
61234758
162435780
12634758
216435780
26134758
623174580
63271548
367251480
37652418
735642180
75346128
574316280
54713268
451723680
41527638
142567380
12465378
214567380
24165378
426135780
46231758
643271580
63472518
367452180
37654128
735614280
75316248
571326480
51723468
152743680
12547638
215743680
25147638
524167380
54261378
456231780
46532718
643572180
63475128
367415280
37614258
731624580
71326548
172356480
12753468
217356480
27153468
725143680
75241638
574261380
54762318
456732180
46537128
643517280
63415278
361425780
31624758
132674580
12376548
213674580
23176548
327156480
37251468
735241680
75342618
574362180
54763128
456713280
46517238
641527380
61425378
164527380
14625378
416527380
46125378
642135780
62431758
263471580
23674518
327654180
37256148
735216480
75312468
571342680
51743628
154763280
14567238
415763280
45167238
546127380
56421378
652431780
62534718
263574180
23675148
327615480
37216458
731246580
71342568
174352680
14753628
417352680
47153628
745163280
75461238
576421380
56724318
652734180
62537148
263517480
23615478
321645780
31246758
134276580
14372568
413276580
43172568
347152680
37451628
735461280
75364218
576324180
56723148
652713480
62517438
261547380
21645378
124635780
14236758
412635780
42136758
243176580
23471568
327451680
37254618
735264180
75362148
576312480
56713428
651743280
61547238
165743280
15647238
516743280
56147238
654127380
64521378
462531780
42635718
243675180
23476158
327416580
37214568
731254680
71352648
175362480
15763428
517362480
57163428
756143280
76541238
674521380
64725318
462735180
42637158
243617580
23416578
321456780
31254768
132456780
123456789
